order_item_id,order_id,product_id,quantity
1,1,2,2
2,1,16,1
3,1,16,1
4,1,33,2
5,2,27,1
6,2,29,4
7,2,18,4
8,2,11,3
9,3,2,1
10,3,36,1
11,3,15,2
12,3,28,1
13,4,25,2
14,4,8,2
15,4,17,1
16,4,37,2
17,5,31,4
18,5,15,3
19,5,7,2
20,5,5,3
21,6,29,4
22,6,2,3
23,6,18,4
24,6,20,3
25,7,10,2
26,7,18,1
27,7,11,2
28,7,3,2
29,8,35,3
30,8,13,2
31,8,19,3
32,8,25,3
33,9,20,4
34,9,20,2
35,9,29,1
36,9,6,1
37,10,3,2
38,10,21,4
39,10,30,2
40,10,17,4
41,11,17,2
42,11,32,4
43,11,5,1
44,11,33,2
45,12,18,4
46,12,31,2
47,12,9,2
48,12,5,2
49,13,29,1
50,13,20,4
51,13,10,3
52,13,32,2
53,14,34,2
54,14,19,3
55,14,9,2
56,14,3,1
57,15,12,1
58,15,2,4
59,15,40,1
60,15,9,1
61,16,33,1
62,16,1,3
63,16,6,4
64,16,24,3
65,17,22,4
66,17,32,3
67,17,21,4
68,17,38,4
69,18,12,1
70,18,2,1
71,18,34,4
72,18,23,2
73,19,29,4
74,19,21,4
75,19,15,1
76,19,19,2
77,20,2,4
78,20,39,1
79,20,1,4
80,20,1,1
81,21,2,4
82,21,26,1
83,21,29,3
84,21,41,3
85,22,10,1
86,22,40,3
87,22,10,3
88,22,29,2
89,23,27,3
90,23,29,3
91,23,31,2
92,23,18,1
93,24,6,2
94,24,36,1
95,24,21,3
96,24,14,2
97,25,11,3
98,25,22,2
99,25,9,3
100,25,12,3
101,26,23,2
102,26,20,3
103,26,34,4
104,26,34,3
105,27,35,2
106,27,41,1
107,27,27,4
108,27,15,1
109,28,34,3
110,28,4,4
111,28,12,2
112,28,12,4
113,29,2,4
114,29,33,2
115,29,23,3
116,29,29,3
117,30,32,1
118,30,21,1
119,30,35,3
120,30,29,3
121,31,32,2
122,31,25,3
123,31,21,4
124,31,32,1
125,32,26,4
126,32,18,2
127,32,36,2
128,32,40,2
129,33,40,2
130,33,41,1
131,33,37,2
132,33,1,3
133,34,5,1
134,34,32,3
135,34,8,2
136,34,18,2
137,35,33,3
138,35,4,4
139,35,24,4
140,35,4,4
141,36,23,3
142,36,30,4
143,36,18,1
144,36,27,1
145,37,29,1
146,37,38,1
147,37,18,4
148,37,31,3
149,38,13,4
150,38,28,3
151,38,13,1
152,38,27,1
153,39,36,4
154,39,11,1
155,39,31,3
156,39,18,2
157,40,32,1
158,40,31,4
159,40,13,2
160,40,15,4
161,41,12,3
162,41,31,2
163,41,18,2
164,41,26,1
165,42,33,1
166,42,19,3
167,42,35,3
168,42,29,2
169,43,1,2
170,43,12,4
171,43,22,2
172,43,40,1
173,44,39,4
174,44,29,1
175,44,26,1
176,44,39,2
177,45,36,2
178,45,6,2
179,45,39,4
180,45,7,4
181,46,39,4
182,46,20,1
183,46,27,4
184,46,13,2
185,47,15,3
186,47,31,3
187,47,23,1
188,47,17,4
189,48,21,4
190,48,18,4
191,48,16,1
192,48,6,1
193,49,6,2
194,49,11,3
195,49,20,3
196,49,22,4
197,50,34,3
198,50,30,3
199,50,40,2
200,50,35,3
201,51,21,1
202,51,2,2
203,51,33,3
204,51,40,2
205,52,28,3
206,52,11,3
207,52,17,1
208,52,10,1
209,53,29,3
210,53,17,2
211,53,5,3
212,53,3,2
213,54,20,1
214,54,28,3
215,54,30,1
216,54,27,1
217,55,15,1
218,55,23,3
219,55,11,1
220,55,34,4
221,56,8,1
222,56,15,4
223,56,24,1
224,56,41,3
225,57,15,3
226,57,13,2
227,57,16,3
228,57,3,1
229,58,30,1
230,58,27,3
231,58,41,4
232,58,14,1
233,59,34,2
234,59,17,2
235,59,6,2
236,59,1,3
237,60,24,1
238,60,40,4
239,60,26,1
240,60,25,1
241,61,9,4
242,61,12,1
243,61,17,4
244,61,11,3
245,62,39,2
246,62,17,4
247,62,15,4
248,62,36,2
249,63,3,2
250,63,32,1
251,63,41,3
252,63,17,4
253,64,4,4
254,64,2,4
255,64,3,4
256,64,38,1
257,65,2,2
258,65,22,2
259,65,20,3
260,65,25,3
261,66,33,4
262,66,28,4
263,66,41,1
264,66,11,1
265,67,5,2
266,67,31,1
267,67,14,3
268,67,22,4
269,68,7,3
270,68,6,2
271,68,16,3
272,68,22,1
273,69,28,4
274,69,35,2
275,69,29,3
276,69,5,3
277,70,23,2
278,70,40,1
279,70,34,1
280,70,38,1
281,71,6,2
282,71,2,2
283,71,40,2
284,71,40,3
285,72,17,2
286,72,37,1
287,72,39,4
288,72,32,1
289,73,3,4
290,73,7,2
291,73,18,2
292,73,28,4
293,74,1,3
294,74,14,1
295,74,11,4
296,74,28,1
297,75,21,2
298,75,41,4
299,75,26,4
300,75,40,2
301,76,29,4
302,76,34,4
303,76,4,3
304,76,12,3
305,77,3,4
306,77,14,3
307,77,31,1
308,77,6,3
309,78,15,4
310,78,39,4
311,78,16,1
312,78,18,1
313,79,15,1
314,79,38,2
315,79,24,1
316,79,18,4
317,80,7,4
318,80,11,1
319,80,23,2
320,80,2,2
321,81,38,2
322,81,15,3
323,81,19,1
324,81,26,3
325,82,4,1
326,82,31,3
327,82,28,1
328,82,39,2
329,83,32,3
330,83,41,3
331,83,9,2
332,83,15,1
333,84,6,3
334,84,21,1
335,84,2,2
336,84,21,1
337,85,35,3
338,85,9,3
339,85,38,2
340,85,20,3
341,86,19,2
342,86,30,1
343,86,41,2
344,86,11,4
345,87,1,2
346,87,12,4
347,87,7,3
348,87,30,3
349,88,31,3
350,88,27,4
351,88,3,4
352,88,25,3
353,89,34,4
354,89,34,3
355,89,4,2
356,89,32,4
357,90,14,4
358,90,37,4
359,90,41,3
360,90,11,2
361,91,24,3
362,91,9,3
363,91,33,3
364,91,20,1
365,92,27,4
366,92,9,1
367,92,32,3
368,92,14,1
369,93,8,1
370,93,41,1
371,93,22,4
372,93,15,4
373,94,2,1
374,94,7,1
375,94,8,3
376,94,8,3
377,95,28,3
378,95,8,1
379,95,28,3
380,95,37,3
381,96,7,2
382,96,13,2
383,96,41,2
384,96,12,3
385,97,32,1
386,97,24,4
387,97,2,4
388,97,8,1
389,98,16,4
390,98,19,3
391,98,41,3
392,98,31,2
393,99,28,4
394,99,31,3
395,99,8,2
396,99,39,1
397,100,39,3
398,100,39,1
399,100,31,4
400,100,18,3
401,101,9,3
402,101,18,2
403,101,31,2
404,101,14,3
405,102,7,4
406,102,24,4
407,102,35,1
408,102,18,3
409,103,13,4
410,103,11,4
411,103,3,3
412,103,32,1
413,104,37,2
414,104,12,2
415,104,22,4
416,104,27,2
417,105,37,1
418,105,32,4
419,105,21,2
420,105,10,3
421,106,7,1
422,106,21,1
423,106,35,4
424,106,3,4
425,107,15,4
426,107,16,3
427,107,7,4
428,107,30,4
429,108,12,2
430,108,34,2
431,108,26,4
432,108,24,3
433,109,4,2
434,109,4,1
435,109,23,1
436,109,40,2
437,110,34,4
438,110,21,1
439,110,41,4
440,110,14,1
441,111,12,4
442,111,30,2
443,111,1,4
444,111,17,4
445,112,21,2
446,112,26,3
447,112,23,4
448,112,18,1
449,113,22,3
450,113,10,3
451,113,24,3
452,113,2,4
453,114,31,4
454,114,41,4
455,114,29,1
456,114,37,3
457,115,12,3
458,115,21,1
459,115,11,2
460,115,28,3
461,116,6,1
462,116,39,2
463,116,35,1
464,116,35,2
465,117,26,2
466,117,39,4
467,117,38,2
468,117,33,4
469,118,39,4
470,118,33,4
471,118,29,1
472,118,6,2
473,119,29,4
474,119,26,2
475,119,11,2
476,119,29,3
477,120,41,2
478,120,10,1
479,120,14,4
480,120,13,2
481,121,31,4
482,121,32,1
483,121,25,1
484,121,38,1
485,122,1,3
486,122,10,3
487,122,29,4
488,122,16,3
489,123,9,3
490,123,12,2
491,123,25,1
492,123,28,4
493,124,10,2
494,124,25,3
495,124,18,1
496,124,2,1
497,125,21,4
498,125,30,4
499,125,34,3
500,125,2,1
501,126,34,1
502,126,26,3
503,126,3,2
504,126,9,4
505,127,34,2
506,127,2,4
507,127,23,2
508,127,40,4
509,128,18,2
510,128,39,2
511,128,2,4
512,128,6,1
513,129,41,4
514,129,24,1
515,129,39,1
516,129,39,1
517,130,38,1
518,130,10,1
519,130,28,2
520,130,32,4
521,131,40,1
522,131,6,2
523,131,20,1
524,131,24,2
525,132,33,4
526,132,12,1
527,132,10,1
528,132,4,1
529,133,34,3
530,133,37,3
531,133,27,3
532,133,1,3
533,134,36,4
534,134,15,4
535,134,16,3
536,134,12,1
537,135,24,2
538,135,29,1
539,135,3,2
540,135,37,1
541,136,41,2
542,136,1,1
543,136,38,3
544,136,17,4
545,137,31,2
546,137,6,3
547,137,28,3
548,137,13,3
549,138,38,1
550,138,33,1
551,138,28,4
552,138,33,3
553,139,10,4
554,139,7,4
555,139,8,3
556,139,12,1
557,140,32,2
558,140,30,1
559,140,30,2
560,140,3,1
561,141,6,1
562,141,33,1
563,141,27,1
564,141,15,4
565,142,10,2
566,142,10,1
567,142,1,1
568,142,41,1
569,143,33,4
570,143,35,1
571,143,8,1
572,143,1,1
573,144,10,3
574,144,37,4
575,144,3,3
576,144,14,4
577,145,34,2
578,145,33,1
579,145,35,3
580,145,14,1
581,146,14,2
582,146,16,3
583,146,35,2
584,146,2,4
585,147,26,1
586,147,1,2
587,147,17,1
588,147,41,1
589,148,20,1
590,148,40,3
591,148,22,1
592,148,14,1
593,149,9,2
594,149,19,4
595,149,27,4
596,149,40,3
597,150,15,3
598,150,29,2
599,150,7,3
600,150,37,4
601,151,41,1
602,151,28,3
603,151,9,3
604,151,12,3
605,152,28,4
606,152,20,2
607,152,12,3
608,152,13,1
609,153,40,4
610,153,33,2
611,153,30,1
612,153,23,2
613,154,33,1
614,154,4,3
615,154,4,4
616,154,21,3
617,155,25,1
618,155,15,4
619,155,19,4
620,155,18,3
621,156,20,1
622,156,37,4
623,156,23,1
624,156,25,2
625,157,41,4
626,157,33,2
627,157,25,1
628,157,36,4
629,158,11,3
630,158,28,1
631,158,36,2
632,158,20,3
633,159,15,2
634,159,28,4
635,159,15,1
636,159,33,1
637,160,33,4
638,160,2,3
639,160,5,1
640,160,21,3
641,161,13,2
642,161,40,4
643,161,3,4
644,161,32,1
645,162,15,2
646,162,41,1
647,162,30,4
648,162,31,1
649,163,1,1
650,163,25,3
651,163,21,1
652,163,34,1
653,164,39,1
654,164,20,1
655,164,21,4
656,164,20,4
657,165,38,2
658,165,33,4
659,165,3,2
660,165,38,1
661,166,4,2
662,166,27,3
663,166,32,3
664,166,8,2
665,167,3,3
666,167,37,1
667,167,16,3
668,167,41,2
669,168,21,3
670,168,14,2
671,168,39,1
672,168,32,3
673,169,40,3
674,169,15,4
675,169,35,2
676,169,21,1
677,170,20,2
678,170,18,4
679,170,35,1
680,170,36,2
681,171,7,2
682,171,24,3
683,171,22,1
684,171,27,4
685,172,21,3
686,172,26,4
687,172,30,2
688,172,14,3
689,173,39,2
690,173,26,4
691,173,14,1
692,173,27,2
693,174,32,1
694,174,9,1
695,174,33,4
696,174,19,2
697,175,16,1
698,175,21,1
699,175,27,4
700,175,10,1
701,176,10,3
702,176,31,4
703,176,10,3
704,176,38,3
705,177,17,2
706,177,18,4
707,177,18,3
708,177,12,2
709,178,14,2
710,178,31,2
711,178,17,4
712,178,4,3
713,179,20,3
714,179,26,1
715,179,18,3
716,179,30,3
717,180,32,1
718,180,1,1
719,180,3,2
720,180,26,4
721,181,3,4
722,181,28,2
723,181,12,4
724,181,10,2
725,182,8,3
726,182,32,4
727,182,24,1
728,182,7,2
729,183,11,3
730,183,3,2
731,183,15,1
732,183,1,3
733,184,14,4
734,184,8,2
735,184,27,3
736,184,24,3
737,185,39,3
738,185,30,3
739,185,37,1
740,185,18,4
741,186,35,3
742,186,2,2
743,186,26,1
744,186,5,4
745,187,7,4
746,187,41,2
747,187,18,1
748,187,1,3
749,188,22,3
750,188,41,1
751,188,39,1
752,188,7,3
753,189,31,2
754,189,2,2
755,189,14,3
756,189,38,1
757,190,36,1
758,190,7,2
759,190,15,1
760,190,22,3
761,191,14,1
762,191,32,1
763,191,16,3
764,191,30,3
765,192,22,2
766,192,15,2
767,192,26,4
768,192,31,3
769,193,11,3
770,193,12,1
771,193,8,1
772,193,5,4
773,194,8,2
774,194,22,4
775,194,13,3
776,194,5,4
777,195,9,4
778,195,5,1
779,195,3,1
780,195,32,1
781,196,16,1
782,196,37,3
783,196,28,3
784,196,18,4
785,197,38,2
786,197,9,4
787,197,25,3
788,197,23,3
789,198,1,1
790,198,9,2
791,198,36,2
792,198,12,1
793,199,10,4
794,199,12,2
795,199,3,4
796,199,39,1
797,200,26,2
798,200,13,4
799,200,41,4
800,200,20,2
801,201,12,4
802,201,40,3
803,201,35,2
804,201,5,3
805,202,35,2
806,202,38,2
807,202,28,4
808,202,14,2
809,203,31,2
810,203,39,1
811,203,2,3
812,203,20,4
813,204,9,3
814,204,21,4
815,204,36,3
816,204,5,2
817,205,22,2
818,205,8,1
819,205,11,3
820,205,41,2
821,206,19,3
822,206,20,4
823,206,40,1
824,206,31,2
825,207,33,3
826,207,6,2
827,207,23,2
828,207,6,3
829,208,7,3
830,208,40,1
831,208,20,4
832,208,14,4
833,209,27,2
834,209,6,2
835,209,37,4
836,209,15,2
837,210,31,3
838,210,6,3
839,210,12,3
840,210,25,3
841,211,23,4
842,211,31,4
843,211,6,4
844,211,12,3
845,212,40,4
846,212,3,2
847,212,15,2
848,212,1,1
849,213,13,1
850,213,26,2
851,213,38,3
852,213,29,2
853,214,23,2
854,214,19,2
855,214,12,1
856,214,31,1
857,215,14,2
858,215,10,3
859,215,27,2
860,215,2,2
861,216,31,3
862,216,19,4
863,216,22,4
864,216,31,3
865,217,18,1
866,217,2,3
867,217,30,3
868,217,15,4
869,218,17,2
870,218,22,2
871,218,26,2
872,218,29,3
873,219,13,3
874,219,30,2
875,219,35,4
876,219,39,4
877,220,26,2
878,220,6,1
879,220,26,4
880,220,41,3
881,221,24,4
882,221,8,3
883,221,24,3
884,221,29,1
885,222,21,1
886,222,31,3
887,222,14,1
888,222,13,4
889,223,4,2
890,223,19,2
891,223,6,1
892,223,35,3
893,224,21,2
894,224,35,1
895,224,22,1
896,224,36,4
897,225,10,3
898,225,18,2
899,225,16,4
900,225,16,1
901,226,17,3
902,226,10,4
903,226,23,2
904,226,36,3
905,227,6,3
906,227,12,2
907,227,10,4
908,227,7,1
909,228,14,3
910,228,1,3
911,228,37,2
912,228,18,1
913,229,5,3
914,229,10,3
915,229,30,1
916,229,35,2
917,230,23,3
918,230,38,3
919,230,9,4
920,230,2,4
921,231,32,2
922,231,26,4
923,231,15,4
924,231,14,1
925,232,6,4
926,232,30,1
927,232,20,3
928,232,37,4
929,233,2,4
930,233,11,3
931,233,15,4
932,233,12,2
933,234,2,4
934,234,33,1
935,234,13,3
936,234,21,1
937,235,11,4
938,235,32,4
939,235,20,1
940,235,7,1
941,236,28,4
942,236,5,1
943,236,23,2
944,236,40,3
945,237,3,3
946,237,5,1
947,237,35,1
948,237,24,2
949,238,4,3
950,238,16,3
951,238,7,3
952,238,35,1
953,239,6,1
954,239,24,4
955,239,6,2
956,239,4,1
957,240,37,4
958,240,25,2
959,240,38,1
960,240,11,1
961,241,16,2
962,241,16,3
963,241,27,2
964,241,32,4
965,242,1,3
966,242,13,4
967,242,24,4
968,242,41,3
969,243,22,3
970,243,16,2
971,243,21,3
972,243,17,1
973,244,14,1
974,244,35,1
975,244,29,3
976,244,20,1
977,245,29,2
978,245,33,2
979,245,38,2
980,245,7,4
981,246,7,4
982,246,2,3
983,246,41,2
984,246,29,2
985,247,15,4
986,247,39,4
987,247,33,3
988,247,18,3
989,248,9,4
990,248,20,3
991,248,35,3
992,248,15,4
993,249,7,1
994,249,35,4
995,249,22,2
996,249,8,4
997,250,4,1
998,250,14,1
999,250,10,1
1000,250,38,4
1001,251,35,4
1002,251,27,3
1003,251,41,4
1004,251,26,1
1005,252,40,3
1006,252,16,1
1007,252,9,4
1008,252,3,1
1009,253,11,2
1010,253,1,2
1011,253,22,4
1012,253,41,2
1013,254,16,2
1014,254,11,1
1015,254,34,1
1016,254,23,2
1017,255,15,2
1018,255,20,1
1019,255,24,4
1020,255,14,4
1021,256,6,1
1022,256,14,4
1023,256,9,2
1024,256,4,3
1025,257,20,2
1026,257,30,3
1027,257,40,3
1028,257,38,3
1029,258,13,4
1030,258,9,2
1031,258,15,3
1032,258,1,3
1033,259,30,4
1034,259,4,3
1035,259,17,2
1036,259,8,1
1037,260,39,4
1038,260,9,3
1039,260,3,1
1040,260,7,2
1041,261,3,2
1042,261,1,4
1043,261,33,1
1044,261,6,2
1045,262,5,2
1046,262,20,1
1047,262,1,2
1048,262,3,3
1049,263,37,2
1050,263,16,3
1051,263,29,4
1052,263,12,3
1053,264,41,2
1054,264,10,1
1055,264,29,4
1056,264,12,1
1057,265,21,2
1058,265,38,3
1059,265,25,2
1060,265,30,4
1061,266,16,2
1062,266,24,4
1063,266,1,2
1064,266,7,1
1065,267,18,3
1066,267,40,4
1067,267,10,3
1068,267,25,4
1069,268,28,2
1070,268,25,2
1071,268,10,3
1072,268,27,2
1073,269,25,2
1074,269,9,2
1075,269,29,4
1076,269,12,4
1077,270,34,1
1078,270,10,1
1079,270,15,4
1080,270,8,3
1081,271,26,1
1082,271,14,4
1083,271,31,4
1084,271,29,1
1085,272,24,3
1086,272,33,2
1087,272,31,3
1088,272,34,2
1089,273,41,3
1090,273,19,1
1091,273,9,1
1092,273,39,2
1093,274,40,1
1094,274,1,1
1095,274,32,3
1096,274,19,3
1097,275,11,4
1098,275,27,2
1099,275,22,4
1100,275,39,1
1101,276,30,3
1102,276,1,3
1103,276,19,1
1104,276,35,2
1105,277,3,1
1106,277,24,1
1107,277,24,1
1108,277,40,2
1109,278,10,2
1110,278,1,4
1111,278,29,4
1112,278,36,2
1113,279,6,3
1114,279,34,4
1115,279,21,1
1116,279,39,4
1117,280,20,2
1118,280,35,1
1119,280,19,3
1120,280,26,4
1121,281,39,1
1122,281,26,3
1123,281,34,3
1124,281,36,4
1125,282,36,3
1126,282,32,4
1127,282,7,3
1128,282,23,3
1129,283,18,1
1130,283,5,2
1131,283,23,4
1132,283,30,2
1133,284,10,3
1134,284,27,2
1135,284,2,3
1136,284,17,3
1137,285,32,4
1138,285,24,4
1139,285,25,3
1140,285,16,3
1141,286,25,3
1142,286,3,3
1143,286,7,4
1144,286,36,1
1145,287,22,4
1146,287,9,3
1147,287,8,2
1148,287,24,1
1149,288,14,3
1150,288,24,3
1151,288,6,1
1152,288,4,4
1153,289,34,1
1154,289,3,1
1155,289,21,4
1156,289,4,1
1157,290,1,4
1158,290,39,2
1159,290,26,3
1160,290,36,1
1161,291,16,2
1162,291,26,3
1163,291,11,4
1164,291,13,3
1165,292,26,4
1166,292,8,2
1167,292,31,4
1168,292,24,1
1169,293,14,1
1170,293,25,1
1171,293,19,2
1172,293,19,3
1173,294,30,3
1174,294,37,3
1175,294,37,4
1176,294,5,4
1177,295,6,1
1178,295,33,4
1179,295,16,3
1180,295,9,3
1181,296,2,1
1182,296,36,2
1183,296,15,1
1184,296,30,3
1185,297,24,2
1186,297,17,1
1187,297,30,1
1188,297,17,3
1189,298,24,4
1190,298,40,4
1191,298,2,3
1192,298,29,3
1193,299,15,2
1194,299,18,4
1195,299,12,1
1196,299,13,2
1197,300,26,3
1198,300,28,2
1199,300,9,2
1200,300,18,2
1201,301,4,3
1202,301,24,3
1203,301,8,4
1204,301,10,2
1205,302,28,3
1206,302,18,1
1207,302,35,3
1208,302,20,1
1209,303,24,3
1210,303,32,2
1211,303,28,4
1212,303,33,4
1213,304,24,4
1214,304,22,1
1215,304,32,4
1216,304,2,1
1217,305,20,4
1218,305,11,4
1219,305,37,3
1220,305,31,3
1221,306,19,1
1222,306,19,2
1223,306,1,1
1224,306,26,1
1225,307,37,4
1226,307,20,2
1227,307,7,2
1228,307,3,3
1229,308,18,1
1230,308,12,3
1231,308,27,3
1232,308,34,3
1233,309,2,2
1234,309,34,1
1235,309,13,1
1236,309,3,3
1237,310,17,4
1238,310,26,3
1239,310,12,2
1240,310,36,3
1241,311,7,3
1242,311,30,4
1243,311,36,3
1244,311,30,1
1245,312,9,1
1246,312,22,3
1247,312,7,2
1248,312,25,1
1249,313,25,1
1250,313,17,2
1251,313,24,2
1252,313,11,4
1253,314,35,2
1254,314,41,1
1255,314,20,3
1256,314,17,3
1257,315,1,4
1258,315,22,2
1259,315,12,3
1260,315,3,4
1261,316,26,4
1262,316,26,1
1263,316,4,4
1264,316,17,4
1265,317,14,3
1266,317,33,3
1267,317,7,4
1268,317,22,1
1269,318,28,3
1270,318,23,2
1271,318,26,4
1272,318,16,1
1273,319,12,1
1274,319,19,3
1275,319,26,2
1276,319,35,3
1277,320,30,3
1278,320,26,2
1279,320,2,3
1280,320,9,3
1281,321,29,4
1282,321,7,2
1283,321,35,1
1284,321,7,4
1285,322,2,2
1286,322,18,2
1287,322,36,1
1288,322,5,1
1289,323,26,1
1290,323,37,1
1291,323,17,3
1292,323,24,2
1293,324,7,1
1294,324,4,4
1295,324,28,3
1296,324,30,2
1297,325,14,3
1298,325,23,1
1299,325,13,1
1300,325,32,4
1301,326,9,3
1302,326,12,1
1303,326,25,4
1304,326,13,3
1305,327,14,2
1306,327,19,1
1307,327,27,2
1308,327,11,3
1309,328,21,3
1310,328,15,4
1311,328,40,1
1312,328,24,4
1313,329,8,2
1314,329,30,1
1315,329,35,1
1316,329,9,1
1317,330,33,4
1318,330,38,2
1319,330,30,3
1320,330,31,2
1321,331,11,1
1322,331,15,4
1323,331,20,3
1324,331,6,3
1325,332,6,4
1326,332,20,2
1327,332,20,2
1328,332,30,3
1329,333,5,2
1330,333,9,1
1331,333,18,3
1332,333,12,4
1333,334,10,4
1334,334,35,4
1335,334,12,1
1336,334,36,1
1337,335,11,1
1338,335,2,3
1339,335,4,1
1340,335,7,1
1341,336,1,1
1342,336,17,2
1343,336,41,2
1344,336,13,3
1345,337,14,1
1346,337,40,4
1347,337,13,4
1348,337,29,3
1349,338,34,2
1350,338,12,4
1351,338,23,3
1352,338,6,1
1353,339,24,3
1354,339,34,2
1355,339,5,3
1356,339,8,4
1357,340,11,4
1358,340,38,1
1359,340,7,4
1360,340,21,4
1361,341,13,4
1362,341,21,4
1363,341,30,1
1364,341,21,3
1365,342,17,3
1366,342,33,3
1367,342,6,1
1368,342,7,2
1369,343,19,2
1370,343,16,4
1371,343,13,1
1372,343,17,1
1373,344,39,2
1374,344,32,3
1375,344,26,1
1376,344,34,4
1377,345,33,3
1378,345,16,4
1379,345,28,4
1380,345,41,4
1381,346,10,1
1382,346,39,2
1383,346,35,4
1384,346,9,2
1385,347,10,2
1386,347,29,3
1387,347,4,3
1388,347,27,4
1389,348,33,1
1390,348,25,1
1391,348,23,3
1392,348,38,1
1393,349,19,1
1394,349,30,4
1395,349,5,1
1396,349,25,1
1397,350,14,2
1398,350,6,3
1399,350,16,1
1400,350,14,2
1401,351,7,2
1402,351,36,2
1403,351,33,3
1404,351,2,2
1405,352,12,4
1406,352,39,4
1407,352,3,4
1408,352,14,2
1409,353,39,1
1410,353,38,4
1411,353,14,1
1412,353,11,3
1413,354,27,1
1414,354,8,4
1415,354,25,3
1416,354,30,3
1417,355,13,3
1418,355,32,2
1419,355,30,3
1420,355,31,1
1421,356,11,1
1422,356,29,3
1423,356,40,2
1424,356,12,1
1425,357,36,1
1426,357,30,4
1427,357,20,4
1428,357,36,4
1429,358,34,1
1430,358,3,4
1431,358,23,4
1432,358,22,3
1433,359,10,1
1434,359,37,3
1435,359,1,1
1436,359,35,4
1437,360,4,2
1438,360,15,2
1439,360,21,1
1440,360,33,4
1441,361,29,1
1442,361,6,4
1443,361,20,4
1444,361,13,3
1445,362,25,4
1446,362,10,3
1447,362,11,2
1448,362,35,3
1449,363,19,1
1450,363,2,4
1451,363,35,1
1452,363,10,3
1453,364,23,1
1454,364,15,1
1455,364,32,4
1456,364,19,1
1457,365,27,1
1458,365,35,1
1459,365,22,3
1460,365,24,4
1461,366,30,1
1462,366,31,3
1463,366,6,2
1464,366,27,1
1465,367,41,2
1466,367,3,3
1467,367,32,3
1468,367,31,3
1469,368,35,4
1470,368,38,2
1471,368,11,1
1472,368,41,4
1473,369,28,1
1474,369,36,1
1475,369,39,2
1476,369,33,2
1477,370,31,1
1478,370,14,4
1479,370,22,2
1480,370,39,1
1481,371,13,3
1482,371,27,3
1483,371,14,2
1484,371,16,3
1485,372,29,3
1486,372,15,3
1487,372,21,1
1488,372,3,2
1489,373,22,3
1490,373,12,2
1491,373,10,4
1492,373,13,2
1493,374,27,3
1494,374,32,1
1495,374,26,2
1496,374,6,1
1497,375,38,4
1498,375,20,3
1499,375,21,1
1500,375,20,3
1501,376,32,1
1502,376,26,3
1503,376,17,1
1504,376,32,4
1505,377,18,2
1506,377,2,1
1507,377,38,1
1508,377,29,2
1509,378,38,4
1510,378,3,1
1511,378,24,1
1512,378,40,2
1513,379,13,4
1514,379,33,3
1515,379,5,3
1516,379,12,4
1517,380,8,4
1518,380,35,4
1519,380,28,4
1520,380,14,3
1521,381,38,4
1522,381,34,2
1523,381,27,1
1524,381,17,3
1525,382,32,3
1526,382,26,1
1527,382,5,1
1528,382,22,3
1529,383,13,3
1530,383,30,2
1531,383,34,3
1532,383,28,2
1533,384,17,2
1534,384,30,4
1535,384,18,4
1536,384,3,3
1537,385,18,3
1538,385,18,3
1539,385,2,3
1540,385,27,3
1541,386,16,4
1542,386,40,3
1543,386,26,3
1544,386,28,2
1545,387,25,3
1546,387,38,2
1547,387,8,2
1548,387,41,3
1549,388,29,1
1550,388,7,2
1551,388,39,3
1552,388,36,3
1553,389,29,2
1554,389,17,1
1555,389,27,2
1556,389,36,2
1557,390,2,3
1558,390,25,3
1559,390,23,2
1560,390,20,3
1561,391,28,4
1562,391,8,4
1563,391,9,3
1564,391,39,1
1565,392,33,4
1566,392,23,2
1567,392,35,4
1568,392,6,1
1569,393,29,3
1570,393,41,3
1571,393,17,1
1572,393,25,3
1573,394,16,1
1574,394,24,4
1575,394,6,3
1576,394,38,3
1577,395,27,3
1578,395,27,4
1579,395,37,3
1580,395,17,2
1581,396,30,3
1582,396,14,3
1583,396,38,1
1584,396,40,2
1585,397,25,4
1586,397,15,3
1587,397,39,2
1588,397,16,3
1589,398,29,3
1590,398,22,4
1591,398,2,4
1592,398,22,2
1593,399,2,3
1594,399,25,2
1595,399,24,4
1596,399,8,2
1597,400,38,4
1598,400,5,2
1599,400,21,3
1600,400,37,2
1601,401,12,3
1602,401,28,1
1603,401,40,2
1604,401,5,2
1605,402,36,4
1606,402,33,4
1607,402,12,2
1608,402,19,1
1609,403,4,3
1610,403,27,3
1611,403,17,1
1612,403,9,4
1613,404,36,3
1614,404,22,2
1615,404,27,4
1616,404,6,3
1617,405,15,3
1618,405,17,2
1619,405,17,1
1620,405,28,4
1621,406,1,3
1622,406,8,2
1623,406,5,2
1624,406,7,3
1625,407,28,2
1626,407,18,3
1627,407,31,4
1628,407,26,4
1629,408,1,2
1630,408,12,3
1631,408,30,3
1632,408,24,1
1633,409,32,2
1634,409,30,3
1635,409,30,3
1636,409,14,2
1637,410,24,4
1638,410,1,2
1639,410,23,4
1640,410,2,1
1641,411,32,3
1642,411,3,3
1643,411,15,4
1644,411,29,4
1645,412,33,4
1646,412,9,4
1647,412,4,3
1648,412,29,2
1649,413,21,4
1650,413,28,3
1651,413,19,4
1652,413,27,1
1653,414,10,3
1654,414,12,4
1655,414,8,1
1656,414,40,4
1657,415,9,3
1658,415,27,4
1659,415,9,2
1660,415,21,3
1661,416,23,3
1662,416,40,3
1663,416,14,1
1664,416,21,4
1665,417,32,3
1666,417,2,3
1667,417,3,3
1668,417,14,1
1669,418,37,2
1670,418,31,2
1671,418,8,4
1672,418,14,2
1673,419,32,3
1674,419,12,4
1675,419,27,1
1676,419,25,4
1677,420,1,2
1678,420,9,1
1679,420,25,4
1680,420,28,1
1681,421,21,4
1682,421,38,3
1683,421,5,3
1684,421,41,3
1685,422,26,2
1686,422,41,2
1687,422,41,2
1688,422,3,3
1689,423,6,2
1690,423,11,4
1691,423,9,4
1692,423,9,1
1693,424,17,1
1694,424,33,1
1695,424,11,3
1696,424,27,3
1697,425,12,2
1698,425,4,4
1699,425,32,1
1700,425,25,1
1701,426,20,2
1702,426,41,3
1703,426,40,3
1704,426,41,1
1705,427,35,2
1706,427,41,2
1707,427,34,4
1708,427,16,1
1709,428,20,1
1710,428,13,1
1711,428,40,4
1712,428,41,2
1713,429,20,3
1714,429,41,3
1715,429,9,4
1716,429,19,2
1717,430,9,3
1718,430,12,2
1719,430,30,2
1720,430,13,2
1721,431,19,4
1722,431,8,1
1723,431,38,4
1724,431,32,4
1725,432,10,3
1726,432,27,2
1727,432,18,2
1728,432,13,3
1729,433,12,1
1730,433,4,2
1731,433,18,2
1732,433,18,1
1733,434,24,4
1734,434,5,3
1735,434,1,1
1736,434,29,1
1737,435,20,1
1738,435,8,1
1739,435,35,3
1740,435,27,4
1741,436,38,4
1742,436,18,4
1743,436,23,1
1744,436,15,2
1745,437,34,1
1746,437,6,1
1747,437,3,4
1748,437,33,1
1749,438,13,1
1750,438,26,3
1751,438,35,3
1752,438,7,3
1753,439,17,2
1754,439,11,4
1755,439,29,4
1756,439,17,4
1757,440,36,4
1758,440,34,2
1759,440,40,3
1760,440,41,1
1761,441,21,3
1762,441,9,1
1763,441,18,4
1764,441,26,1
1765,442,25,1
1766,442,15,3
1767,442,31,1
1768,442,17,1
1769,443,27,2
1770,443,33,3
1771,443,20,1
1772,443,11,2
1773,444,24,1
1774,444,23,1
1775,444,14,3
1776,444,6,4
1777,445,6,3
1778,445,13,1
1779,445,12,3
1780,445,40,4
1781,446,24,3
1782,446,16,3
1783,446,36,1
1784,446,41,2
1785,447,21,1
1786,447,31,2
1787,447,23,1
1788,447,15,2
1789,448,8,2
1790,448,16,4
1791,448,15,4
1792,448,11,4
1793,449,39,2
1794,449,27,2
1795,449,33,3
1796,449,27,3
1797,450,29,2
1798,450,41,4
1799,450,22,4
1800,450,18,2
1801,451,16,1
1802,451,4,3
1803,451,7,4
1804,451,33,4
1805,452,26,4
1806,452,9,2
1807,452,41,3
1808,452,41,1
1809,453,19,2
1810,453,19,2
1811,453,10,3
1812,453,1,4
1813,454,33,1
1814,454,39,4
1815,454,32,3
1816,454,25,1
1817,455,32,1
1818,455,41,2
1819,455,34,4
1820,455,38,2
1821,456,24,2
1822,456,11,1
1823,456,29,1
1824,456,37,3
1825,457,37,2
1826,457,7,1
1827,457,15,2
1828,457,12,3
1829,458,23,1
1830,458,36,2
1831,458,36,1
1832,458,41,4
1833,459,5,4
1834,459,8,3
1835,459,39,3
1836,459,40,3
1837,460,25,3
1838,460,6,2
1839,460,17,1
1840,460,11,4
1841,461,41,4
1842,461,35,1
1843,461,2,3
1844,461,33,2
1845,462,17,3
1846,462,31,3
1847,462,24,2
1848,462,30,3
1849,463,10,4
1850,463,35,3
1851,463,10,1
1852,463,9,2
1853,464,2,1
1854,464,7,1
1855,464,14,4
1856,464,15,3
1857,465,15,4
1858,465,15,3
1859,465,37,2
1860,465,5,4
1861,466,21,4
1862,466,4,1
1863,466,4,4
1864,466,36,2
1865,467,6,1
1866,467,28,3
1867,467,36,3
1868,467,19,3
1869,468,33,3
1870,468,15,4
1871,468,23,1
1872,468,19,4
1873,469,31,4
1874,469,26,1
1875,469,33,2
1876,469,30,4
1877,470,32,3
1878,470,31,2
1879,470,20,2
1880,470,17,3
1881,471,23,1
1882,471,19,2
1883,471,5,1
1884,471,35,3
1885,472,8,3
1886,472,29,1
1887,472,22,4
1888,472,7,3
1889,473,25,3
1890,473,38,1
1891,473,8,3
1892,473,17,3
1893,474,29,3
1894,474,21,4
1895,474,17,4
1896,474,5,3
1897,475,23,4
1898,475,9,4
1899,475,28,1
1900,475,24,2
1901,476,13,4
1902,476,4,2
1903,476,15,2
1904,476,30,2
1905,477,38,4
1906,477,33,1
1907,477,26,4
1908,477,28,3
1909,478,6,4
1910,478,40,3
1911,478,31,4
1912,478,21,4
1913,479,25,3
1914,479,27,3
1915,479,41,3
1916,479,9,4
1917,480,35,1
1918,480,17,4
1919,480,10,3
1920,480,13,3
1921,481,18,1
1922,481,4,4
1923,481,35,2
1924,481,10,3
1925,482,11,4
1926,482,5,4
1927,482,9,3
1928,482,36,3
1929,483,10,3
1930,483,21,1
1931,483,37,3
1932,483,38,3
1933,484,40,4
1934,484,16,2
1935,484,23,1
1936,484,10,1
1937,485,18,4
1938,485,7,4
1939,485,25,2
1940,485,23,3
1941,486,14,4
1942,486,41,4
1943,486,27,1
1944,486,5,4
1945,487,33,4
1946,487,36,3
1947,487,40,1
1948,487,9,3
1949,488,6,2
1950,488,37,1
1951,488,23,1
1952,488,10,4
1953,489,2,1
1954,489,25,3
1955,489,8,1
1956,489,23,2
1957,490,17,2
1958,490,29,1
1959,490,1,2
1960,490,13,2
1961,491,37,4
1962,491,7,2
1963,491,23,1
1964,491,26,4
1965,492,2,3
1966,492,18,3
1967,492,3,4
1968,492,20,3
1969,493,31,4
1970,493,28,3
1971,493,35,2
1972,493,10,1
1973,494,10,1
1974,494,4,1
1975,494,22,4
1976,494,16,3
1977,495,41,2
1978,495,34,4
1979,495,13,3
1980,495,19,1
1981,496,38,4
1982,496,13,4
1983,496,22,3
1984,496,9,4
1985,497,35,1
1986,497,6,1
1987,497,22,2
1988,497,22,3
1989,498,23,2
1990,498,30,1
1991,498,13,1
1992,498,25,2
1993,499,24,3
1994,499,11,4
1995,499,5,3
1996,499,11,4
1997,500,10,2
1998,500,6,4
1999,500,36,4
2000,500,28,4
2001,501,4,2
2002,501,6,3
2003,501,8,3
2004,501,19,4
2005,502,29,4
2006,502,18,2
2007,502,37,4
2008,502,13,1
2009,503,34,1
2010,503,28,4
2011,503,1,1
2012,503,18,4
2013,504,33,3
2014,504,34,1
2015,504,2,1
2016,504,35,3
2017,505,34,1
2018,505,15,2
2019,505,4,4
2020,505,17,4
2021,506,22,2
2022,506,7,2
2023,506,1,2
2024,506,22,4
2025,507,34,3
2026,507,10,1
2027,507,31,2
2028,507,5,3
2029,508,15,2
2030,508,37,3
2031,508,25,4
2032,508,2,4
2033,509,7,2
2034,509,13,4
2035,509,14,2
2036,509,7,2
2037,510,5,1
2038,510,33,4
2039,510,28,4
2040,510,10,3
2041,511,5,4
2042,511,6,1
2043,511,31,1
2044,511,28,3
2045,512,17,3
2046,512,18,1
2047,512,4,1
2048,512,5,1
2049,513,14,2
2050,513,20,4
2051,513,2,3
2052,513,14,1
2053,514,37,1
2054,514,31,2
2055,514,37,4
2056,514,6,2
2057,515,30,4
2058,515,8,3
2059,515,24,3
2060,515,13,4
2061,516,16,2
2062,516,35,2
2063,516,39,1
2064,516,33,1
2065,517,21,3
2066,517,23,1
2067,517,41,2
2068,517,17,1
2069,518,23,1
2070,518,14,3
2071,518,13,3
2072,518,6,3
2073,519,12,4
2074,519,32,2
2075,519,3,2
2076,519,39,1
2077,520,41,4
2078,520,41,3
2079,520,8,1
2080,520,2,4
2081,521,11,3
2082,521,15,3
2083,521,21,1
2084,521,16,4
2085,522,33,2
2086,522,31,4
2087,522,33,4
2088,522,4,4
2089,523,19,2
2090,523,14,1
2091,523,16,2
2092,523,32,2
2093,524,23,1
2094,524,34,3
2095,524,27,3
2096,524,29,3
2097,525,3,3
2098,525,24,2
2099,525,40,3
2100,525,11,1
2101,526,31,1
2102,526,7,2
2103,526,18,3
2104,526,18,2
2105,527,15,4
2106,527,39,2
2107,527,27,4
2108,527,9,1
2109,528,19,1
2110,528,23,2
2111,528,15,2
2112,528,1,1
2113,529,29,1
2114,529,33,2
2115,529,14,1
2116,529,8,1
2117,530,16,1
2118,530,32,1
2119,530,14,2
2120,530,24,2
2121,531,14,2
2122,531,38,3
2123,531,32,3
2124,531,26,2
2125,532,24,1
2126,532,8,3
2127,532,6,1
2128,532,21,2
2129,533,11,3
2130,533,4,2
2131,533,40,1
2132,533,25,2
2133,534,15,3
2134,534,11,1
2135,534,13,3
2136,534,35,4
2137,535,16,1
2138,535,14,4
2139,535,40,4
2140,535,9,1
2141,536,20,1
2142,536,41,2
2143,536,31,2
2144,536,39,1
2145,537,5,4
2146,537,15,2
2147,537,30,1
2148,537,24,3
2149,538,35,3
2150,538,7,4
2151,538,33,2
2152,538,14,1
2153,539,27,1
2154,539,9,4
2155,539,19,3
2156,539,22,3
2157,540,4,2
2158,540,25,1
2159,540,18,3
2160,540,21,4
2161,541,20,1
2162,541,6,1
2163,541,34,3
2164,541,33,1
2165,542,18,1
2166,542,20,2
2167,542,35,2
2168,542,33,1
2169,543,33,3
2170,543,9,4
2171,543,36,2
2172,543,23,3
2173,544,26,4
2174,544,9,4
2175,544,40,1
2176,544,10,2
2177,545,23,4
2178,545,26,3
2179,545,36,4
2180,545,27,1
2181,546,31,1
2182,546,34,3
2183,546,22,3
2184,546,22,4
2185,547,41,2
2186,547,2,1
2187,547,15,3
2188,547,32,2
2189,548,26,4
2190,548,37,4
2191,548,33,1
2192,548,29,1
2193,549,5,4
2194,549,33,4
2195,549,30,4
2196,549,22,3
2197,550,13,1
2198,550,17,2
2199,550,23,4
2200,550,2,3
2201,551,24,3
2202,551,30,3
2203,551,3,4
2204,551,24,1
2205,552,18,4
2206,552,25,4
2207,552,30,3
2208,552,1,3
2209,553,24,1
2210,553,6,3
2211,553,20,1
2212,553,34,2
2213,554,31,1
2214,554,6,4
2215,554,30,4
2216,554,39,2
2217,555,3,3
2218,555,38,1
2219,555,23,2
2220,555,23,2
2221,556,29,4
2222,556,12,2
2223,556,20,2
2224,556,14,1
2225,557,20,4
2226,557,24,4
2227,557,36,3
2228,557,12,1
2229,558,6,3
2230,558,3,3
2231,558,4,1
2232,558,37,2
2233,559,36,1
2234,559,36,2
2235,559,33,2
2236,559,22,2
2237,560,17,3
2238,560,7,1
2239,560,21,1
2240,560,21,3
2241,561,15,1
2242,561,28,3
2243,561,22,4
2244,561,22,2
2245,562,4,3
2246,562,22,1
2247,562,4,3
2248,562,7,4
2249,563,30,2
2250,563,3,3
2251,563,9,4
2252,563,24,3
2253,564,27,1
2254,564,34,4
2255,564,37,3
2256,564,9,1
2257,565,18,2
2258,565,29,2
2259,565,31,2
2260,565,19,1
2261,566,3,2
2262,566,8,2
2263,566,7,1
2264,566,14,3
2265,567,33,2
2266,567,21,4
2267,567,33,3
2268,567,18,2
2269,568,34,3
2270,568,30,3
2271,568,40,3
2272,568,27,1
2273,569,14,3
2274,569,7,4
2275,569,35,4
2276,569,36,2
2277,570,35,4
2278,570,24,1
2279,570,38,2
2280,570,18,2
2281,571,2,2
2282,571,9,4
2283,571,2,1
2284,571,12,1
2285,572,15,2
2286,572,37,1
2287,572,28,3
2288,572,8,1
2289,573,37,4
2290,573,10,3
2291,573,15,2
2292,573,41,3
2293,574,30,2
2294,574,31,1
2295,574,41,2
2296,574,10,3
2297,575,40,4
2298,575,6,1
2299,575,26,2
2300,575,14,2
2301,576,7,3
2302,576,9,4
2303,576,10,4
2304,576,8,1
2305,577,7,3
2306,577,31,3
2307,577,12,3
2308,577,23,2
2309,578,3,3
2310,578,31,4
2311,578,23,3
2312,578,22,3
2313,579,8,2
2314,579,24,1
2315,579,13,1
2316,579,5,4
2317,580,15,3
2318,580,10,3
2319,580,18,2
2320,580,5,3
2321,581,33,3
2322,581,19,1
2323,581,19,1
2324,581,13,1
2325,582,34,3
2326,582,30,2
2327,582,39,2
2328,582,29,1
2329,583,24,1
2330,583,18,3
2331,583,31,2
2332,583,40,3
2333,584,28,4
2334,584,19,2
2335,584,6,1
2336,584,35,1
2337,585,14,4
2338,585,32,3
2339,585,32,3
2340,585,33,4
2341,586,36,3
2342,586,16,2
2343,586,21,4
2344,586,17,1
2345,587,37,3
2346,587,38,2
2347,587,8,4
2348,587,23,1
2349,588,36,2
2350,588,41,2
2351,588,12,4
2352,588,24,4
2353,589,20,3
2354,589,39,3
2355,589,7,3
2356,589,4,2
2357,590,39,2
2358,590,10,3
2359,590,41,2
2360,590,9,2
2361,591,13,3
2362,591,38,2
2363,591,6,2
2364,591,14,2
2365,592,2,3
2366,592,1,4
2367,592,36,1
2368,592,10,1
2369,593,33,4
2370,593,40,3
2371,593,30,3
2372,593,3,1
2373,594,30,2
2374,594,3,3
2375,594,9,3
2376,594,38,2
2377,595,8,2
2378,595,13,2
2379,595,13,3
2380,595,30,4
2381,596,27,1
2382,596,26,3
2383,596,2,3
2384,596,19,4
2385,597,33,4
2386,597,10,3
2387,597,25,3
2388,597,26,4
2389,598,28,2
2390,598,36,1
2391,598,9,3
2392,598,40,3
2393,599,16,2
2394,599,38,2
2395,599,27,3
2396,599,38,1
2397,600,37,1
2398,600,34,2
2399,600,27,4
2400,600,23,4
2401,601,15,1
2402,601,27,4
2403,601,32,2
2404,601,37,1
2405,602,30,2
2406,602,2,1
2407,602,16,3
2408,602,11,3
2409,603,11,3
2410,603,18,4
2411,603,18,2
2412,603,11,4
2413,604,15,4
2414,604,26,1
2415,604,3,3
2416,604,16,2
2417,605,28,2
2418,605,18,1
2419,605,31,3
2420,605,26,4
2421,606,23,1
2422,606,9,3
2423,606,38,2
2424,606,7,1
2425,607,1,1
2426,607,9,4
2427,607,20,1
2428,607,11,1
2429,608,3,1
2430,608,5,3
2431,608,36,3
2432,608,1,3
2433,609,41,2
2434,609,32,4
2435,609,18,1
2436,609,21,1
2437,610,17,4
2438,610,14,4
2439,610,14,2
2440,610,13,4
2441,611,41,1
2442,611,18,3
2443,611,41,2
2444,611,17,2
2445,612,22,4
2446,612,38,4
2447,612,7,3
2448,612,3,1
2449,613,27,1
2450,613,2,4
2451,613,31,3
2452,613,35,3
2453,614,40,1
2454,614,1,2
2455,614,3,2
2456,614,30,2
2457,615,35,4
2458,615,12,2
2459,615,35,4
2460,615,23,4
2461,616,21,3
2462,616,11,1
2463,616,29,2
2464,616,36,4
2465,617,24,1
2466,617,16,1
2467,617,26,1
2468,617,32,4
2469,618,29,1
2470,618,7,2
2471,618,14,4
2472,618,17,2
2473,619,33,1
2474,619,34,4
2475,619,18,4
2476,619,23,2
2477,620,13,1
2478,620,30,1
2479,620,4,2
2480,620,29,4
2481,621,30,4
2482,621,21,4
2483,621,34,4
2484,621,20,2
2485,622,16,3
2486,622,30,2
2487,622,24,4
2488,622,21,2
2489,623,38,4
2490,623,20,4
2491,623,30,1
2492,623,16,2
2493,624,38,2
2494,624,1,1
2495,624,19,4
2496,624,23,3
2497,625,40,1
2498,625,29,1
2499,625,9,3
2500,625,23,2
2501,626,2,1
2502,626,8,1
2503,626,5,3
2504,626,15,4
2505,627,31,1
2506,627,17,3
2507,627,8,1
2508,627,21,2
2509,628,34,4
2510,628,13,3
2511,628,10,2
2512,628,1,1
2513,629,10,2
2514,629,10,3
2515,629,8,3
2516,629,29,2
2517,630,1,2
2518,630,13,2
2519,630,17,1
2520,630,37,3
2521,631,15,2
2522,631,25,4
2523,631,38,3
2524,631,6,1
2525,632,2,4
2526,632,13,4
2527,632,39,1
2528,632,23,4
2529,633,41,2
2530,633,3,1
2531,633,14,4
2532,633,12,2
2533,634,6,1
2534,634,9,4
2535,634,39,2
2536,634,4,2
2537,635,4,3
2538,635,12,4
2539,635,26,2
2540,635,33,3
2541,636,15,3
2542,636,19,3
2543,636,23,1
2544,636,21,3
2545,637,33,4
2546,637,11,2
2547,637,9,2
2548,637,9,2
2549,638,21,3
2550,638,26,2
2551,638,27,1
2552,638,29,3
2553,639,18,1
2554,639,37,2
2555,639,13,4
2556,639,21,4
2557,640,2,1
2558,640,11,1
2559,640,34,1
2560,640,9,2
2561,641,9,2
2562,641,17,3
2563,641,23,2
2564,641,34,3
2565,642,1,1
2566,642,37,4
2567,642,4,4
2568,642,27,4
2569,643,10,2
2570,643,41,3
2571,643,15,4
2572,643,36,1
2573,644,32,4
2574,644,31,1
2575,644,36,1
2576,644,30,4
2577,645,25,4
2578,645,21,3
2579,645,29,1
2580,645,35,4
2581,646,39,1
2582,646,35,4
2583,646,33,2
2584,646,13,2
2585,647,24,2
2586,647,14,2
2587,647,5,4
2588,647,31,4
2589,648,25,1
2590,648,16,4
2591,648,17,1
2592,648,35,1
2593,649,36,3
2594,649,37,4
2595,649,5,3
2596,649,10,1
2597,650,13,3
2598,650,28,2
2599,650,12,2
2600,650,10,2
2601,651,37,3
2602,651,23,4
2603,651,37,4
2604,651,19,3
2605,652,6,3
2606,652,21,3
2607,652,17,4
2608,652,9,2
2609,653,4,4
2610,653,36,4
2611,653,15,1
2612,653,6,3
2613,654,13,2
2614,654,35,3
2615,654,9,1
2616,654,2,3
2617,655,28,3
2618,655,16,4
2619,655,28,4
2620,655,13,1
2621,656,16,2
2622,656,8,1
2623,656,28,3
2624,656,14,4
2625,657,13,2
2626,657,23,4
2627,657,32,1
2628,657,34,3
2629,658,37,3
2630,658,18,4
2631,658,19,4
2632,658,9,2
2633,659,13,3
2634,659,32,2
2635,659,37,4
2636,659,11,4
2637,660,25,4
2638,660,40,4
2639,660,17,4
2640,660,26,1
2641,661,35,2
2642,661,13,1
2643,661,41,2
2644,661,11,2
2645,662,30,4
2646,662,19,4
2647,662,31,4
2648,662,23,2
2649,663,3,4
2650,663,1,4
2651,663,4,2
2652,663,1,4
2653,664,5,2
2654,664,3,3
2655,664,36,4
2656,664,40,4
2657,665,37,3
2658,665,20,4
2659,665,31,3
2660,665,12,3
2661,666,26,3
2662,666,38,2
2663,666,24,3
2664,666,22,2
2665,667,18,4
2666,667,38,3
2667,667,15,4
2668,667,28,4
2669,668,30,3
2670,668,40,3
2671,668,4,2
2672,668,38,4
2673,669,15,3
2674,669,34,2
2675,669,9,3
2676,669,41,2
2677,670,3,2
2678,670,21,3
2679,670,11,1
2680,670,17,3
2681,671,17,1
2682,671,31,1
2683,671,31,4
2684,671,22,4
2685,672,21,3
2686,672,39,4
2687,672,1,3
2688,672,24,4
2689,673,14,1
2690,673,35,1
2691,673,34,4
2692,673,8,3
2693,674,4,1
2694,674,9,1
2695,674,35,2
2696,674,5,2
2697,675,31,1
2698,675,33,3
2699,675,1,3
2700,675,24,4
2701,676,3,3
2702,676,5,1
2703,676,3,2
2704,676,41,1
2705,677,23,2
2706,677,36,2
2707,677,35,1
2708,677,11,1
2709,678,1,1
2710,678,30,1
2711,678,19,3
2712,678,27,2
2713,679,40,3
2714,679,29,1
2715,679,38,3
2716,679,8,1
2717,680,33,4
2718,680,29,1
2719,680,3,4
2720,680,37,4
2721,681,38,2
2722,681,31,3
2723,681,1,2
2724,681,17,3
2725,682,10,1
2726,682,4,2
2727,682,41,4
2728,682,22,4
2729,683,8,4
2730,683,12,2
2731,683,9,3
2732,683,36,1
2733,684,30,4
2734,684,15,4
2735,684,38,2
2736,684,11,1
2737,685,14,2
2738,685,4,4
2739,685,5,1
2740,685,18,1
2741,686,4,2
2742,686,4,4
2743,686,12,3
2744,686,7,2
2745,687,4,2
2746,687,13,2
2747,687,41,3
2748,687,29,1
2749,688,37,4
2750,688,11,4
2751,688,2,3
2752,688,11,2
2753,689,31,1
2754,689,7,4
2755,689,1,1
2756,689,30,3
2757,690,23,1
2758,690,26,3
2759,690,39,4
2760,690,19,1
2761,691,21,4
2762,691,39,3
2763,691,25,3
2764,691,11,2
2765,692,19,1
2766,692,27,2
2767,692,19,4
2768,692,38,1
2769,693,35,1
2770,693,40,1
2771,693,10,4
2772,693,36,1
2773,694,21,2
2774,694,19,3
2775,694,12,4
2776,694,34,3
2777,695,13,3
2778,695,28,3
2779,695,41,4
2780,695,30,3
2781,696,13,1
2782,696,12,2
2783,696,36,2
2784,696,39,4
2785,697,12,1
2786,697,12,4
2787,697,4,1
2788,697,22,4
2789,698,36,2
2790,698,15,2
2791,698,8,4
2792,698,16,2
2793,699,2,3
2794,699,35,4
2795,699,36,1
2796,699,26,1
2797,700,37,3
2798,700,12,3
2799,700,4,3
2800,700,4,4
2801,701,1,2
2802,701,13,4
2803,701,6,4
2804,701,40,4
2805,702,4,1
2806,702,33,2
2807,702,20,2
2808,702,36,1
2809,703,23,1
2810,703,33,4
2811,703,31,3
2812,703,21,3
2813,704,15,4
2814,704,10,2
2815,704,8,2
2816,704,22,4
2817,705,22,1
2818,705,8,4
2819,705,38,4
2820,705,6,4
2821,706,4,3
2822,706,2,4
2823,706,2,2
2824,706,39,1
2825,707,27,1
2826,707,1,1
2827,707,37,3
2828,707,40,3
2829,708,31,1
2830,708,11,4
2831,708,1,1
2832,708,3,1
2833,709,17,4
2834,709,11,2
2835,709,25,1
2836,709,23,3
2837,710,16,2
2838,710,31,2
2839,710,28,2
2840,710,34,4
2841,711,10,1
2842,711,2,1
2843,711,29,1
2844,711,23,4
2845,712,19,3
2846,712,10,2
2847,712,25,3
2848,712,28,3
2849,713,27,4
2850,713,24,3
2851,713,29,3
2852,713,7,4
2853,714,32,2
2854,714,24,3
2855,714,20,4
2856,714,26,4
2857,715,33,1
2858,715,24,4
2859,715,1,2
2860,715,40,2
2861,716,25,2
2862,716,24,3
2863,716,40,3
2864,716,30,2
2865,717,8,1
2866,717,15,4
2867,717,19,3
2868,717,25,1
2869,718,5,3
2870,718,19,3
2871,718,12,1
2872,718,26,1
2873,719,41,4
2874,719,35,3
2875,719,23,3
2876,719,2,1
2877,720,38,3
2878,720,40,3
2879,720,9,3
2880,720,27,3
2881,721,4,3
2882,721,25,2
2883,721,26,1
2884,721,3,1
2885,722,14,4
2886,722,40,2
2887,722,10,4
2888,722,18,2
2889,723,11,1
2890,723,41,4
2891,723,34,3
2892,723,7,4
2893,724,21,1
2894,724,15,2
2895,724,34,4
2896,724,40,2
2897,725,17,4
2898,725,25,4
2899,725,34,2
2900,725,39,4
2901,726,18,2
2902,726,28,3
2903,726,15,3
2904,726,14,4
2905,727,39,2
2906,727,41,2
2907,727,15,1
2908,727,7,4
2909,728,10,3
2910,728,13,2
2911,728,38,4
2912,728,21,1
2913,729,3,2
2914,729,2,3
2915,729,20,3
2916,729,16,1
2917,730,11,4
2918,730,1,2
2919,730,23,2
2920,730,17,1
2921,731,28,2
2922,731,12,3
2923,731,16,2
2924,731,14,2
2925,732,39,3
2926,732,40,2
2927,732,36,3
2928,732,34,1
2929,733,24,4
2930,733,5,4
2931,733,16,1
2932,733,39,4
2933,734,22,1
2934,734,40,4
2935,734,1,3
2936,734,20,3
2937,735,17,1
2938,735,13,4
2939,735,24,2
2940,735,5,3
2941,736,32,1
2942,736,31,1
2943,736,27,2
2944,736,28,3
2945,737,1,3
2946,737,15,2
2947,737,2,1
2948,737,40,2
2949,738,29,4
2950,738,15,1
2951,738,40,4
2952,738,1,3
2953,739,28,1
2954,739,37,3
2955,739,26,1
2956,739,35,4
2957,740,5,3
2958,740,16,3
2959,740,22,4
2960,740,2,4
2961,741,25,3
2962,741,30,2
2963,741,33,2
2964,741,7,4
2965,742,41,3
2966,742,34,4
2967,742,38,1
2968,742,14,1
2969,743,12,3
2970,743,22,1
2971,743,4,3
2972,743,15,1
2973,744,24,1
2974,744,15,4
2975,744,37,3
2976,744,33,2
2977,745,14,2
2978,745,1,2
2979,745,26,2
2980,745,2,2
2981,746,33,1
2982,746,4,1
2983,746,4,4
2984,746,11,4
2985,747,26,3
2986,747,30,1
2987,747,41,1
2988,747,9,3
2989,748,19,3
2990,748,9,2
2991,748,32,2
2992,748,31,1
2993,749,15,2
2994,749,38,3
2995,749,4,3
2996,749,16,3
2997,750,28,2
2998,750,23,3
2999,750,39,1
3000,750,23,2
3001,751,32,4
3002,751,41,4
3003,751,7,3
3004,751,13,3
3005,752,27,1
3006,752,6,3
3007,752,9,1
3008,752,32,2
3009,753,26,1
3010,753,19,2
3011,753,13,4
3012,753,6,2
3013,754,22,4
3014,754,15,2
3015,754,14,1
3016,754,41,1
3017,755,11,1
3018,755,6,4
3019,755,27,3
3020,755,41,1
3021,756,33,1
3022,756,7,1
3023,756,19,3
3024,756,17,2
3025,757,8,1
3026,757,21,1
3027,757,13,2
3028,757,20,4
3029,758,7,4
3030,758,37,4
3031,758,25,2
3032,758,17,4
3033,759,5,3
3034,759,31,3
3035,759,30,2
3036,759,2,1
3037,760,25,1
3038,760,31,2
3039,760,37,1
3040,760,32,4
3041,761,5,4
3042,761,5,2
3043,761,12,3
3044,761,9,1
3045,762,15,2
3046,762,27,1
3047,762,10,2
3048,762,35,2
3049,763,41,3
3050,763,27,1
3051,763,14,3
3052,763,28,3
3053,764,8,4
3054,764,16,2
3055,764,23,2
3056,764,39,2
3057,765,9,2
3058,765,14,3
3059,765,40,3
3060,765,12,3
3061,766,32,3
3062,766,18,4
3063,766,19,4
3064,766,11,1
3065,767,32,3
3066,767,16,4
3067,767,37,2
3068,767,37,3
3069,768,15,1
3070,768,4,3
3071,768,15,3
3072,768,26,1
3073,769,9,3
3074,769,9,3
3075,769,7,4
3076,769,30,3
3077,770,8,1
3078,770,37,1
3079,770,5,3
3080,770,3,1
3081,771,24,4
3082,771,9,4
3083,771,5,2
3084,771,41,1
3085,772,32,1
3086,772,16,1
3087,772,41,3
3088,772,22,3
3089,773,3,1
3090,773,25,2
3091,773,8,1
3092,773,7,3
3093,774,14,3
3094,774,1,4
3095,774,39,1
3096,774,2,3
3097,775,6,1
3098,775,25,3
3099,775,19,3
3100,775,30,3
3101,776,16,4
3102,776,15,3
3103,776,3,3
3104,776,17,3
3105,777,3,4
3106,777,25,2
3107,777,1,2
3108,777,4,4
3109,778,28,1
3110,778,8,3
3111,778,31,2
3112,778,34,3
3113,779,39,3
3114,779,15,1
3115,779,32,2
3116,779,2,1
3117,780,29,4
3118,780,25,4
3119,780,30,4
3120,780,30,2
3121,781,24,2
3122,781,25,2
3123,781,8,3
3124,781,2,4
3125,782,10,2
3126,782,18,2
3127,782,36,1
3128,782,7,3
3129,783,37,1
3130,783,7,2
3131,783,9,3
3132,783,40,4
3133,784,26,1
3134,784,20,3
3135,784,32,2
3136,784,31,3
3137,785,14,3
3138,785,12,3
3139,785,37,4
3140,785,27,3
3141,786,4,3
3142,786,2,1
3143,786,3,1
3144,786,8,1
3145,787,5,4
3146,787,20,2
3147,787,13,1
3148,787,26,2
3149,788,21,4
3150,788,14,2
3151,788,27,3
3152,788,19,1
3153,789,27,1
3154,789,24,4
3155,789,29,3
3156,789,3,4
3157,790,20,3
3158,790,26,3
3159,790,41,1
3160,790,12,3
3161,791,20,2
3162,791,10,4
3163,791,12,3
3164,791,7,1
3165,792,12,4
3166,792,19,4
3167,792,20,4
3168,792,8,2
3169,793,18,3
3170,793,38,4
3171,793,40,1
3172,793,36,2
3173,794,17,2
3174,794,40,1
3175,794,1,2
3176,794,37,2
3177,795,34,3
3178,795,39,2
3179,795,15,1
3180,795,4,2
3181,796,36,4
3182,796,31,1
3183,796,10,1
3184,796,23,3
3185,797,15,2
3186,797,10,4
3187,797,14,4
3188,797,39,1
3189,798,29,4
3190,798,7,3
3191,798,9,1
3192,798,28,1
3193,799,24,2
3194,799,20,4
3195,799,14,1
3196,799,37,1
3197,800,27,4
3198,800,22,3
3199,800,2,4
3200,800,23,2
3201,801,22,4
3202,801,37,3
3203,801,22,4
3204,801,27,4
3205,802,23,1
3206,802,37,3
3207,802,37,2
3208,802,11,2
3209,803,1,4
3210,803,30,4
3211,803,24,3
3212,803,39,3
3213,804,6,3
3214,804,28,1
3215,804,16,2
3216,804,32,3
3217,805,32,2
3218,805,3,2
3219,805,33,3
3220,805,1,3
3221,806,19,4
3222,806,12,1
3223,806,14,4
3224,806,21,4
3225,807,32,1
3226,807,26,4
3227,807,13,2
3228,807,6,4
3229,808,16,2
3230,808,19,4
3231,808,10,3
3232,808,2,2
3233,809,8,2
3234,809,13,3
3235,809,36,2
3236,809,28,1
3237,810,37,1
3238,810,7,4
3239,810,8,3
3240,810,5,3
3241,811,40,2
3242,811,4,3
3243,811,31,2
3244,811,15,1
3245,812,1,3
3246,812,4,1
3247,812,31,4
3248,812,21,3
3249,813,24,1
3250,813,33,2
3251,813,28,1
3252,813,20,3
3253,814,19,1
3254,814,4,1
3255,814,30,2
3256,814,18,1
3257,815,31,3
3258,815,23,2
3259,815,29,2
3260,815,13,1
3261,816,16,2
3262,816,10,1
3263,816,4,4
3264,816,20,3
3265,817,34,4
3266,817,20,2
3267,817,28,3
3268,817,13,2
3269,818,14,1
3270,818,24,4
3271,818,14,3
3272,818,37,2
3273,819,20,3
3274,819,17,3
3275,819,12,2
3276,819,17,1
3277,820,32,3
3278,820,18,1
3279,820,40,1
3280,820,33,4
3281,821,25,4
3282,821,30,1
3283,821,18,4
3284,821,35,2
3285,822,34,1
3286,822,30,1
3287,822,26,1
3288,822,24,1
3289,823,5,3
3290,823,25,4
3291,823,22,3
3292,823,17,2
3293,824,28,1
3294,824,33,3
3295,824,9,1
3296,824,33,4
3297,825,3,2
3298,825,3,3
3299,825,33,3
3300,825,26,1
3301,826,41,1
3302,826,32,1
3303,826,22,3
3304,826,10,2
3305,827,35,3
3306,827,32,3
3307,827,32,4
3308,827,27,1
3309,828,34,1
3310,828,10,1
3311,828,41,1
3312,828,30,4
3313,829,5,4
3314,829,32,1
3315,829,1,3
3316,829,2,4
3317,830,17,3
3318,830,36,3
3319,830,2,2
3320,830,33,3
3321,831,33,1
3322,831,15,4
3323,831,1,1
3324,831,29,4
3325,832,7,2
3326,832,17,4
3327,832,18,3
3328,832,7,1
3329,833,20,2
3330,833,33,4
3331,833,40,2
3332,833,24,2
3333,834,6,2
3334,834,35,4
3335,834,37,3
3336,834,14,4
3337,835,33,3
3338,835,3,2
3339,835,3,2
3340,835,32,2
3341,836,40,4
3342,836,37,1
3343,836,24,3
3344,836,20,4
3345,837,39,1
3346,837,37,2
3347,837,29,2
3348,837,6,1
3349,838,17,4
3350,838,9,2
3351,838,11,3
3352,838,9,2
3353,839,16,3
3354,839,9,2
3355,839,25,2
3356,839,33,4
3357,840,33,2
3358,840,35,3
3359,840,41,3
3360,840,4,4
3361,841,24,4
3362,841,20,3
3363,841,35,2
3364,841,41,3
3365,842,13,2
3366,842,13,2
3367,842,25,4
3368,842,5,4
3369,843,13,2
3370,843,4,2
3371,843,9,1
3372,843,40,2
3373,844,11,1
3374,844,6,3
3375,844,11,2
3376,844,29,3
3377,845,15,2
3378,845,8,1
3379,845,28,1
3380,845,14,2
3381,846,31,1
3382,846,16,1
3383,846,23,2
3384,846,35,1
3385,847,19,4
3386,847,36,2
3387,847,20,2
3388,847,26,1
3389,848,1,3
3390,848,24,2
3391,848,18,3
3392,848,34,4
3393,849,15,4
3394,849,37,3
3395,849,15,2
3396,849,13,3
3397,850,41,2
3398,850,25,4
3399,850,31,2
3400,850,26,1
3401,851,15,2
3402,851,24,4
3403,851,10,3
3404,851,21,4
3405,852,26,2
3406,852,34,2
3407,852,41,2
3408,852,10,1
3409,853,13,2
3410,853,19,1
3411,853,2,2
3412,853,29,3
3413,854,21,2
3414,854,33,4
3415,854,26,3
3416,854,19,1
3417,855,8,1
3418,855,19,3
3419,855,15,3
3420,855,35,4
3421,856,31,2
3422,856,25,3
3423,856,4,2
3424,856,24,3
3425,857,40,4
3426,857,12,3
3427,857,14,3
3428,857,8,3
3429,858,38,4
3430,858,27,2
3431,858,12,3
3432,858,18,1
3433,859,20,4
3434,859,40,4
3435,859,7,2
3436,859,31,3
3437,860,10,1
3438,860,8,4
3439,860,32,1
3440,860,21,1
3441,861,39,1
3442,861,9,3
3443,861,15,2
3444,861,31,4
3445,862,6,2
3446,862,28,3
3447,862,25,2
3448,862,33,3
3449,863,10,2
3450,863,10,1
3451,863,8,2
3452,863,1,2
3453,864,8,3
3454,864,1,4
3455,864,3,4
3456,864,4,1
3457,865,8,3
3458,865,1,3
3459,865,40,2
3460,865,17,3
3461,866,34,3
3462,866,30,1
3463,866,24,3
3464,866,31,3
3465,867,34,2
3466,867,38,3
3467,867,1,1
3468,867,40,1
3469,868,27,3
3470,868,41,2
3471,868,30,1
3472,868,15,3
3473,869,22,3
3474,869,9,4
3475,869,12,2
3476,869,25,4
3477,870,9,4
3478,870,33,1
3479,870,27,1
3480,870,26,3
3481,871,34,3
3482,871,23,4
3483,871,18,1
3484,871,16,3
3485,872,21,1
3486,872,31,3
3487,872,24,3
3488,872,6,3
3489,873,36,4
3490,873,33,1
3491,873,12,2
3492,873,3,2
3493,874,33,1
3494,874,24,4
3495,874,39,4
3496,874,26,1
3497,875,4,3
3498,875,4,1
3499,875,23,4
3500,875,30,4
3501,876,38,2
3502,876,24,4
3503,876,38,2
3504,876,31,4
3505,877,6,2
3506,877,11,4
3507,877,38,4
3508,877,32,1
3509,878,39,2
3510,878,16,3
3511,878,8,2
3512,878,34,2
3513,879,34,1
3514,879,8,4
3515,879,25,3
3516,879,1,2
3517,880,18,1
3518,880,20,1
3519,880,29,2
3520,880,26,3
3521,881,7,1
3522,881,36,4
3523,881,15,4
3524,881,21,1
3525,882,14,4
3526,882,34,2
3527,882,7,3
3528,882,22,3
3529,883,21,4
3530,883,35,3
3531,883,32,2
3532,883,41,1
3533,884,29,1
3534,884,30,1
3535,884,3,2
3536,884,12,1
3537,885,12,1
3538,885,36,4
3539,885,36,3
3540,885,23,1
3541,886,40,1
3542,886,8,3
3543,886,21,2
3544,886,9,2
3545,887,29,3
3546,887,2,2
3547,887,2,1
3548,887,10,1
3549,888,28,2
3550,888,40,2
3551,888,1,4
3552,888,27,1
3553,889,34,1
3554,889,36,4
3555,889,7,3
3556,889,9,3
3557,890,8,2
3558,890,25,3
3559,890,38,2
3560,890,15,4
3561,891,38,2
3562,891,32,3
3563,891,31,4
3564,891,37,1
3565,892,2,3
3566,892,40,4
3567,892,33,3
3568,892,34,2
3569,893,34,1
3570,893,33,1
3571,893,28,4
3572,893,16,2
3573,894,13,3
3574,894,11,4
3575,894,2,2
3576,894,37,2
3577,895,18,2
3578,895,7,3
3579,895,26,2
3580,895,5,2
3581,896,3,4
3582,896,28,4
3583,896,34,1
3584,896,23,3
3585,897,6,1
3586,897,28,3
3587,897,9,2
3588,897,26,4
3589,898,1,1
3590,898,27,2
3591,898,37,3
3592,898,37,3
3593,899,37,3
3594,899,4,1
3595,899,11,4
3596,899,36,2
3597,900,1,2
3598,900,13,1
3599,900,33,2
3600,900,2,2
3601,901,22,3
3602,901,2,1
3603,901,13,2
3604,901,34,2
3605,902,12,4
3606,902,17,2
3607,902,27,1
3608,902,19,3
3609,903,40,4
3610,903,35,3
3611,903,10,2
3612,903,26,4
3613,904,8,1
3614,904,22,4
3615,904,20,4
3616,904,24,3
3617,905,22,2
3618,905,15,2
3619,905,27,3
3620,905,38,2
3621,906,26,4
3622,906,3,1
3623,906,3,4
3624,906,38,4
3625,907,24,1
3626,907,6,4
3627,907,19,3
3628,907,14,4
3629,908,1,2
3630,908,12,3
3631,908,6,4
3632,908,1,1
3633,909,11,1
3634,909,9,1
3635,909,30,3
3636,909,39,3
3637,910,40,4
3638,910,19,2
3639,910,32,1
3640,910,36,1
3641,911,16,3
3642,911,3,2
3643,911,30,2
3644,911,5,1
3645,912,13,4
3646,912,6,3
3647,912,9,4
3648,912,13,1
3649,913,4,2
3650,913,28,3
3651,913,13,1
3652,913,35,4
3653,914,35,1
3654,914,35,4
3655,914,9,4
3656,914,9,4
3657,915,32,2
3658,915,38,2
3659,915,2,2
3660,915,22,2
3661,916,15,2
3662,916,21,2
3663,916,7,1
3664,916,14,3
3665,917,38,3
3666,917,11,3
3667,917,18,2
3668,917,19,2
3669,918,11,1
3670,918,30,1
3671,918,15,3
3672,918,1,2
3673,919,37,1
3674,919,8,3
3675,919,26,2
3676,919,35,3
3677,920,15,3
3678,920,12,3
3679,920,18,2
3680,920,17,3
3681,921,35,1
3682,921,19,3
3683,921,36,4
3684,921,27,4
3685,922,8,2
3686,922,35,2
3687,922,11,3
3688,922,24,3
3689,923,2,1
3690,923,39,4
3691,923,16,3
3692,923,39,2
3693,924,28,2
3694,924,10,2
3695,924,23,3
3696,924,8,4
3697,925,34,3
3698,925,38,1
3699,925,27,2
3700,925,34,1
3701,926,1,2
3702,926,11,3
3703,926,38,1
3704,926,1,2
3705,927,20,2
3706,927,7,1
3707,927,27,1
3708,927,38,2
3709,928,37,1
3710,928,41,3
3711,928,40,3
3712,928,21,2
3713,929,5,4
3714,929,6,3
3715,929,11,1
3716,929,6,2
3717,930,9,2
3718,930,40,3
3719,930,33,2
3720,930,33,3
3721,931,7,3
3722,931,23,4
3723,931,28,2
3724,931,37,1
3725,932,29,1
3726,932,38,3
3727,932,36,3
3728,932,30,1
3729,933,41,2
3730,933,18,1
3731,933,29,2
3732,933,32,2
3733,934,28,3
3734,934,18,1
3735,934,28,2
3736,934,20,4
3737,935,39,2
3738,935,4,4
3739,935,23,1
3740,935,22,1
3741,936,40,1
3742,936,4,1
3743,936,38,1
3744,936,37,4
3745,937,9,3
3746,937,15,2
3747,937,6,1
3748,937,26,4
3749,938,23,2
3750,938,38,4
3751,938,2,1
3752,938,24,2
3753,939,15,2
3754,939,5,1
3755,939,13,2
3756,939,18,2
3757,940,12,3
3758,940,13,1
3759,940,25,1
3760,940,31,2
3761,941,25,2
3762,941,9,1
3763,941,27,2
3764,941,19,2
3765,942,22,3
3766,942,35,1
3767,942,17,3
3768,942,17,2
3769,943,35,3
3770,943,17,3
3771,943,23,3
3772,943,15,2
3773,944,7,3
3774,944,38,4
3775,944,11,1
3776,944,14,3
3777,945,1,2
3778,945,4,4
3779,945,41,3
3780,945,32,2
3781,946,6,3
3782,946,15,2
3783,946,10,3
3784,946,19,3
3785,947,36,4
3786,947,25,3
3787,947,37,1
3788,947,29,2
3789,948,2,4
3790,948,38,4
3791,948,8,3
3792,948,12,1
3793,949,4,4
3794,949,7,4
3795,949,41,1
3796,949,17,1
3797,950,1,2
3798,950,6,2
3799,950,3,1
3800,950,4,4
3801,951,8,4
3802,951,40,3
3803,951,6,3
3804,951,39,1
3805,952,27,2
3806,952,11,4
3807,952,38,1
3808,952,41,4
3809,953,11,3
3810,953,41,1
3811,953,37,1
3812,953,39,3
3813,954,18,4
3814,954,31,4
3815,954,5,4
3816,954,4,2
3817,955,19,1
3818,955,23,3
3819,955,10,1
3820,955,4,4
3821,956,19,1
3822,956,35,2
3823,956,20,1
3824,956,1,1
3825,957,9,4
3826,957,2,3
3827,957,22,3
3828,957,34,2
3829,958,5,1
3830,958,34,2
3831,958,34,1
3832,958,8,2
3833,959,27,2
3834,959,23,3
3835,959,7,2
3836,959,23,2
3837,960,1,4
3838,960,27,4
3839,960,37,1
3840,960,10,2
3841,961,32,1
3842,961,28,1
3843,961,14,3
3844,961,16,4
3845,962,24,3
3846,962,30,2
3847,962,36,2
3848,962,4,1
3849,963,11,3
3850,963,14,4
3851,963,36,1
3852,963,32,1
3853,964,6,2
3854,964,13,4
3855,964,2,4
3856,964,30,1
3857,965,3,3
3858,965,8,4
3859,965,25,4
3860,965,5,1
3861,966,19,3
3862,966,25,2
3863,966,27,4
3864,966,17,3
3865,967,33,4
3866,967,39,2
3867,967,9,4
3868,967,4,4
3869,968,33,4
3870,968,28,4
3871,968,17,2
3872,968,23,2
3873,969,24,3
3874,969,24,1
3875,969,6,1
3876,969,18,1
3877,970,24,2
3878,970,9,2
3879,970,13,3
3880,970,19,3
3881,971,21,2
3882,971,34,4
3883,971,41,2
3884,971,38,1
3885,972,27,2
3886,972,5,3
3887,972,34,4
3888,972,8,1
3889,973,24,4
3890,973,30,4
3891,973,39,3
3892,973,7,2
3893,974,39,4
3894,974,38,1
3895,974,1,4
3896,974,15,3
3897,975,36,4
3898,975,41,2
3899,975,32,3
3900,975,19,1
3901,976,19,2
3902,976,20,2
3903,976,26,1
3904,976,29,1
3905,977,26,2
3906,977,7,1
3907,977,8,2
3908,977,24,1
3909,978,29,2
3910,978,10,2
3911,978,14,3
3912,978,37,1
3913,979,16,1
3914,979,23,4
3915,979,27,3
3916,979,10,2
3917,980,1,1
3918,980,6,2
3919,980,13,2
3920,980,40,3
3921,981,15,2
3922,981,27,2
3923,981,14,4
3924,981,1,4
3925,982,7,2
3926,982,28,1
3927,982,19,1
3928,982,39,1
3929,983,11,4
3930,983,15,2
3931,983,39,4
3932,983,33,3
3933,984,37,4
3934,984,41,1
3935,984,35,2
3936,984,30,1
3937,985,16,4
3938,985,17,2
3939,985,4,1
3940,985,21,4
3941,986,9,2
3942,986,34,3
3943,986,32,1
3944,986,36,3
3945,987,36,2
3946,987,30,1
3947,987,13,2
3948,987,38,2
3949,988,21,4
3950,988,8,2
3951,988,18,3
3952,988,3,3
3953,989,36,1
3954,989,4,1
3955,989,2,4
3956,989,22,4
3957,990,32,2
3958,990,20,2
3959,990,15,2
3960,990,2,3
3961,991,20,1
3962,991,16,4
3963,991,18,1
3964,991,1,2
3965,992,27,3
3966,992,25,3
3967,992,8,1
3968,992,24,2
3969,993,41,3
3970,993,5,1
3971,993,34,3
3972,993,40,2
3973,994,11,2
3974,994,28,3
3975,994,23,2
3976,994,35,3
3977,995,2,4
3978,995,24,1
3979,995,6,1
3980,995,22,1
3981,996,6,2
3982,996,28,4
3983,996,16,1
3984,996,6,1
3985,997,15,3
3986,997,6,3
3987,997,28,2
3988,997,3,2
3989,998,8,3
3990,998,37,3
3991,998,34,4
3992,998,36,2
3993,999,1,4
3994,999,2,4
3995,999,16,3
3996,999,36,2
3997,1000,29,3
3998,1000,21,3
3999,1000,28,2
4000,1000,40,4
4001,1001,16,4
4002,1001,30,1
4003,1001,24,1
4004,1001,18,2
4005,1002,7,2
4006,1002,2,1
4007,1002,40,4
4008,1002,22,3
4009,1003,40,1
4010,1003,15,1
4011,1003,4,3
4012,1003,41,3
4013,1004,27,3
4014,1004,4,3
4015,1004,16,2
4016,1004,4,1
4017,1005,9,1
4018,1005,8,1
4019,1005,12,2
4020,1005,35,2
4021,1006,37,4
4022,1006,14,3
4023,1006,7,2
4024,1006,6,4
4025,1007,36,1
4026,1007,25,1
4027,1007,19,3
4028,1007,24,1
4029,1008,10,4
4030,1008,26,4
4031,1008,32,1
4032,1008,12,4
4033,1009,16,2
4034,1009,24,2
4035,1009,35,3
4036,1009,9,3
4037,1010,29,2
4038,1010,18,3
4039,1010,18,1
4040,1010,26,3
4041,1011,11,1
4042,1011,41,3
4043,1011,3,4
4044,1011,31,3
4045,1012,31,4
4046,1012,23,1
4047,1012,35,1
4048,1012,15,4
4049,1013,17,4
4050,1013,19,3
4051,1013,8,3
4052,1013,18,3
4053,1014,2,2
4054,1014,38,3
4055,1014,3,4
4056,1014,38,3
4057,1015,26,4
4058,1015,6,2
4059,1015,32,1
4060,1015,4,4
4061,1016,19,3
4062,1016,36,2
4063,1016,12,2
4064,1016,31,2
4065,1017,2,4
4066,1017,35,1
4067,1017,17,4
4068,1017,9,3
4069,1018,40,4
4070,1018,8,4
4071,1018,9,1
4072,1018,20,2
4073,1019,15,3
4074,1019,34,2
4075,1019,8,2
4076,1019,5,1
4077,1020,21,3
4078,1020,18,4
4079,1020,38,4
4080,1020,36,2
4081,1021,11,1
4082,1021,23,4
4083,1021,11,1
4084,1021,18,2
4085,1022,19,1
4086,1022,3,4
4087,1022,27,1
4088,1022,23,4
4089,1023,31,3
4090,1023,35,4
4091,1023,10,2
4092,1023,11,1
4093,1024,18,1
4094,1024,10,2
4095,1024,20,4
4096,1024,19,3
4097,1025,13,1
4098,1025,15,1
4099,1025,40,3
4100,1025,14,2
4101,1026,15,4
4102,1026,6,1
4103,1026,23,2
4104,1026,7,2
4105,1027,4,1
4106,1027,13,3
4107,1027,27,4
4108,1027,7,3
4109,1028,5,4
4110,1028,1,2
4111,1028,15,3
4112,1028,22,1
4113,1029,29,4
4114,1029,34,4
4115,1029,4,3
4116,1029,22,1
4117,1030,18,3
4118,1030,2,2
4119,1030,11,3
4120,1030,17,3
4121,1031,28,1
4122,1031,6,1
4123,1031,32,4
4124,1031,12,4
4125,1032,27,2
4126,1032,9,4
4127,1032,21,4
4128,1032,35,2
4129,1033,33,4
4130,1033,22,2
4131,1033,3,3
4132,1033,25,4
4133,1034,15,4
4134,1034,28,2
4135,1034,34,3
4136,1034,38,3
4137,1035,9,2
4138,1035,30,1
4139,1035,37,3
4140,1035,20,3
4141,1036,35,3
4142,1036,39,2
4143,1036,36,3
4144,1036,40,4
4145,1037,35,1
4146,1037,32,2
4147,1037,29,4
4148,1037,24,2
4149,1038,13,3
4150,1038,21,3
4151,1038,21,4
4152,1038,39,2
4153,1039,23,4
4154,1039,26,1
4155,1039,15,4
4156,1039,21,4
4157,1040,10,4
4158,1040,32,3
4159,1040,4,4
4160,1040,19,1
4161,1041,22,1
4162,1041,10,2
4163,1041,9,3
4164,1041,39,2
4165,1042,18,3
4166,1042,6,2
4167,1042,33,3
4168,1042,26,4
4169,1043,27,2
4170,1043,27,2
4171,1043,7,3
4172,1043,23,1
4173,1044,31,2
4174,1044,1,4
4175,1044,27,1
4176,1044,30,4
4177,1045,34,2
4178,1045,21,3
4179,1045,26,1
4180,1045,23,3
4181,1046,12,1
4182,1046,36,1
4183,1046,24,4
4184,1046,19,3
4185,1047,11,3
4186,1047,31,2
4187,1047,30,1
4188,1047,26,2
4189,1048,36,2
4190,1048,2,1
4191,1048,35,2
4192,1048,36,4
4193,1049,7,4
4194,1049,24,1
4195,1049,30,4
4196,1049,32,2
4197,1050,28,2
4198,1050,5,2
4199,1050,9,3
4200,1050,23,4
4201,1051,8,4
4202,1051,9,4
4203,1051,36,1
4204,1051,39,2
4205,1052,9,4
4206,1052,5,3
4207,1052,32,3
4208,1052,10,2
4209,1053,4,3
4210,1053,12,2
4211,1053,12,1
4212,1053,38,4
4213,1054,29,4
4214,1054,4,3
4215,1054,18,3
4216,1054,36,1
4217,1055,19,3
4218,1055,4,2
4219,1055,40,1
4220,1055,11,3
4221,1056,9,1
4222,1056,28,2
4223,1056,23,2
4224,1056,32,1
4225,1057,10,3
4226,1057,40,3
4227,1057,18,2
4228,1057,15,2
4229,1058,24,3
4230,1058,1,1
4231,1058,13,2
4232,1058,10,3
4233,1059,30,2
4234,1059,34,2
4235,1059,36,3
4236,1059,22,3
4237,1060,32,3
4238,1060,37,1
4239,1060,36,2
4240,1060,5,3
4241,1061,19,2
4242,1061,22,1
4243,1061,13,4
4244,1061,31,3
4245,1062,34,2
4246,1062,10,2
4247,1062,28,2
4248,1062,28,1
4249,1063,13,2
4250,1063,27,2
4251,1063,25,3
4252,1063,18,2
4253,1064,13,1
4254,1064,3,1
4255,1064,35,4
4256,1064,9,2
4257,1065,13,3
4258,1065,18,1
4259,1065,39,1
4260,1065,20,2
4261,1066,26,1
4262,1066,16,3
4263,1066,16,3
4264,1066,35,1
4265,1067,38,4
4266,1067,35,4
4267,1067,2,2
4268,1067,33,4
4269,1068,18,3
4270,1068,38,1
4271,1068,32,1
4272,1068,5,3
4273,1069,18,4
4274,1069,9,4
4275,1069,20,4
4276,1069,37,4
4277,1070,28,4
4278,1070,6,4
4279,1070,29,3
4280,1070,14,3
4281,1071,17,4
4282,1071,39,4
4283,1071,10,3
4284,1071,11,3
4285,1072,1,4
4286,1072,5,2
4287,1072,12,1
4288,1072,5,4
4289,1073,5,1
4290,1073,1,1
4291,1073,16,3
4292,1073,19,3
4293,1074,38,4
4294,1074,22,1
4295,1074,32,2
4296,1074,33,2
4297,1075,24,2
4298,1075,26,4
4299,1075,23,2
4300,1075,25,1
4301,1076,21,4
4302,1076,5,3
4303,1076,21,2
4304,1076,1,3
4305,1077,1,2
4306,1077,3,4
4307,1077,2,4
4308,1077,4,3
4309,1078,3,2
4310,1078,8,4
4311,1078,8,3
4312,1078,29,4
4313,1079,20,1
4314,1079,40,4
4315,1079,1,1
4316,1079,13,2
4317,1080,22,1
4318,1080,22,2
4319,1080,36,3
4320,1080,37,4
4321,1081,4,3
4322,1081,21,1
4323,1081,5,3
4324,1081,27,3
4325,1082,11,4
4326,1082,31,4
4327,1082,35,4
4328,1082,24,1
4329,1083,25,1
4330,1083,36,2
4331,1083,34,3
4332,1083,17,4
4333,1084,10,3
4334,1084,19,2
4335,1084,5,3
4336,1084,32,3
4337,1085,12,3
4338,1085,37,1
4339,1085,8,4
4340,1085,28,2
4341,1086,29,2
4342,1086,32,3
4343,1086,36,1
4344,1086,12,1
4345,1087,4,4
4346,1087,40,2
4347,1087,28,4
4348,1087,33,4
4349,1088,15,3
4350,1088,39,4
4351,1088,12,4
4352,1088,32,2
4353,1089,22,4
4354,1089,11,2
4355,1089,9,4
4356,1089,14,2
4357,1090,10,1
4358,1090,8,1
4359,1090,28,4
4360,1090,6,2
4361,1091,20,4
4362,1091,37,4
4363,1091,20,2
4364,1091,15,2
4365,1092,26,3
4366,1092,22,1
4367,1092,7,4
4368,1092,40,1
4369,1093,12,1
4370,1093,30,1
4371,1093,10,3
4372,1093,22,4
4373,1094,28,4
4374,1094,16,1
4375,1094,10,1
4376,1094,1,4
4377,1095,12,3
4378,1095,6,4
4379,1095,40,3
4380,1095,35,1
4381,1096,2,2
4382,1096,31,3
4383,1096,10,4
4384,1096,13,3
4385,1097,26,3
4386,1097,14,2
4387,1097,4,2
4388,1097,10,2
4389,1098,10,1
4390,1098,37,4
4391,1098,10,2
4392,1098,33,2
4393,1099,2,2
4394,1099,19,3
4395,1099,12,2
4396,1099,3,2
4397,1100,12,3
4398,1100,12,1
4399,1100,31,3
4400,1100,14,4
4401,1101,40,4
4402,1101,5,4
4403,1101,12,4
4404,1101,27,4
4405,1102,3,3
4406,1102,6,2
4407,1102,23,3
4408,1102,40,3
4409,1103,11,1
4410,1103,37,3
4411,1103,27,2
4412,1103,2,2
4413,1104,30,2
4414,1104,22,4
4415,1104,7,3
4416,1104,36,4
4417,1105,36,1
4418,1105,2,1
4419,1105,33,2
4420,1105,17,4
4421,1106,22,2
4422,1106,15,3
4423,1106,40,1
4424,1106,37,4
4425,1107,31,1
4426,1107,36,1
4427,1107,7,2
4428,1107,7,2
4429,1108,40,3
4430,1108,6,1
4431,1108,1,2
4432,1108,27,1
4433,1109,37,2
4434,1109,14,2
4435,1109,33,3
4436,1109,6,1
4437,1110,2,2
4438,1110,14,2
4439,1110,32,2
4440,1110,1,1
4441,1111,19,3
4442,1111,41,1
4443,1111,3,3
4444,1111,28,1
4445,1112,29,4
4446,1112,20,1
4447,1112,35,3
4448,1112,20,2
4449,1113,8,3
4450,1113,1,2
4451,1113,33,4
4452,1113,18,3
4453,1114,18,1
4454,1114,16,2
4455,1114,27,4
4456,1114,6,1
4457,1115,1,4
4458,1115,6,4
4459,1115,33,3
4460,1115,36,2
4461,1116,39,4
4462,1116,8,4
4463,1116,16,2
4464,1116,3,2
4465,1117,24,3
4466,1117,27,2
4467,1117,30,1
4468,1117,20,1
4469,1118,13,3
4470,1118,9,1
4471,1118,11,1
4472,1118,24,4
4473,1119,9,4
4474,1119,20,1
4475,1119,27,4
4476,1119,25,1
4477,1120,20,1
4478,1120,18,3
4479,1120,13,4
4480,1120,39,1
4481,1121,25,1
4482,1121,4,3
4483,1121,35,1
4484,1121,36,1
4485,1122,15,1
4486,1122,17,1
4487,1122,9,2
4488,1122,40,4
4489,1123,24,1
4490,1123,15,2
4491,1123,10,2
4492,1123,39,4
4493,1124,8,3
4494,1124,22,3
4495,1124,35,2
4496,1124,18,3
4497,1125,39,1
4498,1125,31,4
4499,1125,20,1
4500,1125,7,4
4501,1126,26,4
4502,1126,30,1
4503,1126,24,2
4504,1126,30,4
4505,1127,23,4
4506,1127,13,1
4507,1127,37,1
4508,1127,1,4
4509,1128,12,2
4510,1128,38,2
4511,1128,34,4
4512,1128,27,2
4513,1129,13,4
4514,1129,1,2
4515,1129,1,4
4516,1129,4,2
4517,1130,41,3
4518,1130,28,1
4519,1130,22,2
4520,1130,18,2
4521,1131,4,1
4522,1131,7,3
4523,1131,35,2
4524,1131,8,2
4525,1132,30,2
4526,1132,9,4
4527,1132,40,1
4528,1132,17,2
4529,1133,34,3
4530,1133,32,1
4531,1133,35,4
4532,1133,39,2
4533,1134,34,1
4534,1134,1,4
4535,1134,9,4
4536,1134,12,1
4537,1135,26,2
4538,1135,27,4
4539,1135,38,4
4540,1135,15,1
4541,1136,18,1
4542,1136,26,2
4543,1136,23,1
4544,1136,7,4
4545,1137,24,2
4546,1137,13,4
4547,1137,29,1
4548,1137,30,3
4549,1138,29,2
4550,1138,24,4
4551,1138,23,4
4552,1138,8,2
4553,1139,36,4
4554,1139,1,4
4555,1139,2,1
4556,1139,1,2
4557,1140,23,4
4558,1140,38,2
4559,1140,20,1
4560,1140,37,3
4561,1141,18,1
4562,1141,28,1
4563,1141,28,4
4564,1141,30,4
4565,1142,21,2
4566,1142,10,2
4567,1142,1,2
4568,1142,28,3
4569,1143,19,2
4570,1143,40,3
4571,1143,8,3
4572,1143,25,3
4573,1144,16,2
4574,1144,4,4
4575,1144,2,3
4576,1144,17,1
4577,1145,20,3
4578,1145,27,4
4579,1145,2,1
4580,1145,17,4
4581,1146,24,3
4582,1146,8,4
4583,1146,28,2
4584,1146,27,1
4585,1147,6,2
4586,1147,15,2
4587,1147,13,4
4588,1147,13,4
4589,1148,11,3
4590,1148,21,4
4591,1148,15,1
4592,1148,37,4
4593,1149,3,1
4594,1149,12,1
4595,1149,15,4
4596,1149,37,1
4597,1150,27,4
4598,1150,11,3
4599,1150,40,2
4600,1150,20,2
4601,1151,18,4
4602,1151,23,4
4603,1151,34,4
4604,1151,38,2
4605,1152,20,2
4606,1152,34,4
4607,1152,2,3
4608,1152,37,1
4609,1153,6,2
4610,1153,20,1
4611,1153,21,4
4612,1153,30,2
4613,1154,6,2
4614,1154,5,1
4615,1154,22,4
4616,1154,3,2
4617,1155,26,1
4618,1155,2,1
4619,1155,30,2
4620,1155,35,1
4621,1156,12,1
4622,1156,20,4
4623,1156,6,1
4624,1156,7,2
4625,1157,2,3
4626,1157,34,4
4627,1157,2,2
4628,1157,38,3
4629,1158,23,4
4630,1158,36,4
4631,1158,14,2
4632,1158,33,3
4633,1159,14,1
4634,1159,3,4
4635,1159,17,3
4636,1159,9,3
4637,1160,40,2
4638,1160,29,4
4639,1160,11,1
4640,1160,30,4
4641,1161,21,1
4642,1161,3,4
4643,1161,10,3
4644,1161,32,1
4645,1162,2,2
4646,1162,23,4
4647,1162,28,2
4648,1162,7,3
4649,1163,38,3
4650,1163,32,3
4651,1163,33,4
4652,1163,10,2
4653,1164,20,1
4654,1164,17,3
4655,1164,27,2
4656,1164,4,3
4657,1165,19,4
4658,1165,30,1
4659,1165,7,3
4660,1165,37,1
4661,1166,17,3
4662,1166,38,2
4663,1166,10,1
4664,1166,2,4
4665,1167,7,2
4666,1167,33,4
4667,1167,37,2
4668,1167,40,3
4669,1168,34,3
4670,1168,20,3
4671,1168,16,1
4672,1168,39,2
4673,1169,10,2
4674,1169,5,4
4675,1169,31,2
4676,1169,27,3
4677,1170,24,1
4678,1170,12,4
4679,1170,15,3
4680,1170,19,2
4681,1171,14,2
4682,1171,33,4
4683,1171,27,1
4684,1171,28,3
4685,1172,21,3
4686,1172,1,1
4687,1172,30,2
4688,1172,2,2
4689,1173,27,1
4690,1173,4,2
4691,1173,24,4
4692,1173,15,3
4693,1174,5,3
4694,1174,10,1
4695,1174,39,3
4696,1174,30,2
4697,1175,22,4
4698,1175,37,1
4699,1175,21,2
4700,1175,30,1
4701,1176,32,1
4702,1176,5,3
4703,1176,7,1
4704,1176,21,3
4705,1177,30,3
4706,1177,7,2
4707,1177,5,4
4708,1177,17,2
4709,1178,11,2
4710,1178,25,1
4711,1178,36,2
4712,1178,14,2
4713,1179,13,2
4714,1179,18,2
4715,1179,18,3
4716,1179,38,4
4717,1180,12,2
4718,1180,25,4
4719,1180,4,2
4720,1180,35,1
4721,1181,28,4
4722,1181,3,4
4723,1181,27,4
4724,1181,31,1
4725,1182,13,2
4726,1182,20,1
4727,1182,24,1
4728,1182,16,3
4729,1183,25,1
4730,1183,33,4
4731,1183,4,2
4732,1183,31,3
4733,1184,5,3
4734,1184,31,2
4735,1184,2,4
4736,1184,8,2
4737,1185,36,2
4738,1185,18,1
4739,1185,30,3
4740,1185,26,2
4741,1186,37,4
4742,1186,33,3
4743,1186,34,4
4744,1186,21,1
4745,1187,11,2
4746,1187,41,1
4747,1187,36,4
4748,1187,1,4
4749,1188,5,4
4750,1188,11,3
4751,1188,24,4
4752,1188,6,3
4753,1189,8,4
4754,1189,8,3
4755,1189,12,2
4756,1189,5,4
4757,1190,14,1
4758,1190,22,4
4759,1190,28,1
4760,1190,5,4
4761,1191,19,1
4762,1191,38,2
4763,1191,41,2
4764,1191,24,2
4765,1192,26,2
4766,1192,25,3
4767,1192,23,1
4768,1192,6,1
4769,1193,12,3
4770,1193,18,4
4771,1193,3,2
4772,1193,10,3
4773,1194,7,1
4774,1194,22,2
4775,1194,16,3
4776,1194,39,1
4777,1195,27,3
4778,1195,23,1
4779,1195,37,3
4780,1195,37,3
4781,1196,17,1
4782,1196,27,4
4783,1196,30,4
4784,1196,24,1
4785,1197,36,2
4786,1197,21,4
4787,1197,7,4
4788,1197,38,1
4789,1198,12,3
4790,1198,6,1
4791,1198,36,4
4792,1198,30,1
4793,1199,13,2
4794,1199,18,2
4795,1199,13,1
4796,1199,27,3
4797,1200,16,2
4798,1200,34,1
4799,1200,33,3
4800,1200,19,2
